time	Id(M0)	Id(M1)	Id(M2)	Id(M3)	Id(M4)	Id(M5)	Id(M6)	Id(M7)	Id(M8)	Id(M9)	Id(M10)	Id(M11)	Id(M12)	Id(M13)	Id(M14)	Id(M15)	Id(Mc1)	Id(Mc2)	Id(Mc3)	Id(Mc4)	Id(Mc5)
0.000000000000000e+000	-9.286791e-005	-4.643395e-005	-4.643395e-005	4.643395e-005	4.643395e-005	-1.000000e-005	-4.969494e-006	6.570799e-005	-2.447961e-004	6.570799e-005	-2.447961e-004	7.803099e-005	3.859975e-005	3.943124e-005	-3.859975e-005	-3.943124e-005	-4.969494e-006	-1.002109e-005	9.938987e-006	1.002109e-005	-1.996008e-005
1.919468748189955e-006	-9.286791e-005	-4.643395e-005	-4.643395e-005	4.643395e-005	4.643395e-005	-1.000000e-005	-4.969494e-006	6.570799e-005	-2.447961e-004	6.570799e-005	-2.447961e-004	7.803099e-005	3.859975e-005	3.943124e-005	-3.859975e-005	-3.943124e-005	-4.969494e-006	-1.002109e-005	9.938987e-006	1.002109e-005	-1.996008e-005
1.951171875000000e-006	-9.286791e-005	-4.643395e-005	-4.643395e-005	4.643395e-005	4.643395e-005	-1.000000e-005	-4.969494e-006	6.570799e-005	-2.447961e-004	6.570799e-005	-2.447961e-004	7.803099e-005	3.859975e-005	3.943124e-005	-3.859975e-005	-3.943124e-005	-4.969494e-006	-1.002109e-005	9.938987e-006	1.002109e-005	-1.996008e-005
1.952171875000000e-006	-9.286791e-005	-4.643395e-005	-4.643395e-005	4.643395e-005	4.643395e-005	-1.000000e-005	-4.969494e-006	6.570799e-005	-2.447961e-004	6.570799e-005	-2.447961e-004	7.803099e-005	3.859975e-005	3.943124e-005	-3.859975e-005	-3.943124e-005	-4.969494e-006	-1.002109e-005	9.938987e-006	1.002109e-005	-1.996008e-005
1.954171875000000e-006	-9.286791e-005	-4.643395e-005	-4.643395e-005	4.643395e-005	4.643395e-005	-1.000000e-005	-4.969494e-006	6.570799e-005	-2.447961e-004	6.570799e-005	-2.447961e-004	7.803099e-005	3.859975e-005	3.943124e-005	-3.859975e-005	-3.943124e-005	-4.969494e-006	-1.002109e-005	9.938987e-006	1.002109e-005	-1.996008e-005
1.958171875000000e-006	-9.286791e-005	-4.643395e-005	-4.643395e-005	4.643395e-005	4.643395e-005	-1.000000e-005	-4.969494e-006	6.570799e-005	-2.447961e-004	6.570799e-005	-2.447961e-004	7.803099e-005	3.859975e-005	3.943124e-005	-3.859975e-005	-3.943124e-005	-4.969494e-006	-1.002109e-005	9.938987e-006	1.002109e-005	-1.996008e-005
1.966171875000000e-006	-9.286791e-005	-4.643395e-005	-4.643395e-005	4.643395e-005	4.643395e-005	-1.000000e-005	-4.969494e-006	6.570799e-005	-2.447961e-004	6.570799e-005	-2.447961e-004	7.803099e-005	3.859975e-005	3.943124e-005	-3.859975e-005	-3.943124e-005	-4.969494e-006	-1.002109e-005	9.938987e-006	1.002109e-005	-1.996008e-005
1.984400390625000e-006	-9.286791e-005	-4.643395e-005	-4.643395e-005	4.643395e-005	4.643395e-005	-1.000000e-005	-4.969494e-006	6.570799e-005	-2.447961e-004	6.570799e-005	-2.447961e-004	7.803099e-005	3.859975e-005	3.943124e-005	-3.859975e-005	-3.943124e-005	-4.969494e-006	-1.002109e-005	9.938987e-006	1.002109e-005	-1.996008e-005
1.988857421875000e-006	-9.286791e-005	-4.643395e-005	-4.643395e-005	4.643395e-005	4.643395e-005	-1.000000e-005	-4.969494e-006	6.570799e-005	-2.447961e-004	6.570799e-005	-2.447961e-004	7.803099e-005	3.859975e-005	3.943124e-005	-3.859975e-005	-3.943124e-005	-4.969494e-006	-1.002109e-005	9.938987e-006	1.002109e-005	-1.996008e-005
1.991085937500000e-006	-9.286791e-005	-4.643395e-005	-4.643395e-005	4.643395e-005	4.643395e-005	-1.000000e-005	-4.969494e-006	6.570799e-005	-2.447961e-004	6.570799e-005	-2.447961e-004	7.803099e-005	3.859975e-005	3.943124e-005	-3.859975e-005	-3.943124e-005	-4.969494e-006	-1.002109e-005	9.938987e-006	1.002109e-005	-1.996008e-005
1.995542968749999e-006	-9.286791e-005	-4.643395e-005	-4.643395e-005	4.643395e-005	4.643395e-005	-1.000000e-005	-4.969494e-006	6.570799e-005	-2.447961e-004	6.570799e-005	-2.447961e-004	7.803099e-005	3.859975e-005	3.943124e-005	-3.859975e-005	-3.943124e-005	-4.969494e-006	-1.002109e-005	9.938987e-006	1.002109e-005	-1.996008e-005
1.996542968749999e-006	-9.286791e-005	-4.643395e-005	-4.643395e-005	4.643395e-005	4.643395e-005	-1.000000e-005	-4.969494e-006	6.570799e-005	-2.447961e-004	6.570799e-005	-2.447961e-004	7.803099e-005	3.859975e-005	3.943124e-005	-3.859975e-005	-3.943124e-005	-4.969494e-006	-1.002109e-005	9.938987e-006	1.002109e-005	-1.996008e-005
1.998000000000000e-006	-9.286791e-005	-4.643395e-005	-4.643395e-005	4.643395e-005	4.643395e-005	-1.000000e-005	-4.969494e-006	6.570799e-005	-2.447961e-004	6.570799e-005	-2.447961e-004	7.803099e-005	3.859975e-005	3.943124e-005	-3.859975e-005	-3.943124e-005	-4.969494e-006	-1.002109e-005	9.938987e-006	1.002109e-005	-1.996008e-005
1.999000000000000e-006	-9.286791e-005	-4.643395e-005	-4.643395e-005	4.643395e-005	4.643395e-005	-1.000000e-005	-4.969494e-006	6.570799e-005	-2.447961e-004	6.570799e-005	-2.447961e-004	7.803099e-005	3.859975e-005	3.943124e-005	-3.859975e-005	-3.943124e-005	-4.969494e-006	-1.002109e-005	9.938987e-006	1.002109e-005	-1.996008e-005
2.000000000000000e-006	-9.286791e-005	-4.643395e-005	-4.643395e-005	4.643395e-005	4.643395e-005	-1.000000e-005	-4.969494e-006	6.570799e-005	-2.447961e-004	6.570799e-005	-2.447961e-004	7.803099e-005	3.859975e-005	3.943124e-005	-3.859975e-005	-3.943124e-005	-4.969494e-006	-1.002109e-005	9.938987e-006	1.002109e-005	-1.996008e-005
2.000015771818855e-006	-9.308514e-005	-5.078481e-005	-4.251465e-005	4.646870e-005	4.645370e-005	-1.000028e-005	-4.977835e-006	6.579735e-005	-2.447959e-004	6.568198e-005	-2.447961e-004	7.805772e-005	3.860718e-005	3.943906e-005	-3.860045e-005	-3.943098e-005	-4.967832e-006	-1.000598e-005	9.942469e-006	1.002522e-005	-1.994119e-005
2.000047315456565e-006	-9.411084e-005	-4.683146e-005	-4.882440e-005	4.668008e-005	4.668170e-005	-1.001674e-005	-4.968944e-006	6.613514e-005	-2.447960e-004	6.597774e-005	-2.447961e-004	7.833565e-005	3.870660e-005	3.954321e-005	-3.862298e-005	-3.944289e-005	-4.992541e-006	-9.965554e-006	9.956213e-006	1.004346e-005	-1.988923e-005
2.000110402731986e-006	-9.809922e-005	-3.363792e-005	-7.030019e-005	4.771506e-005	4.778839e-005	-1.017106e-005	-4.971952e-006	6.720789e-005	-2.448063e-004	6.833736e-005	-2.448054e-004	7.988032e-005	3.936371e-005	4.022703e-005	-3.890780e-005	-3.967720e-005	-4.959621e-006	-1.002945e-005	9.948298e-006	1.005139e-005	-1.995995e-005
2.000235751249071e-006	-1.097465e-004	-1.727721e-005	-1.053779e-004	5.068625e-005	5.091312e-005	-1.086617e-005	-5.122546e-006	6.927691e-005	-2.448653e-004	7.657330e-005	-2.448614e-004	8.455010e-005	4.156422e-005	4.249963e-005	-4.033579e-005	-4.100331e-005	-4.636681e-006	-1.074644e-005	9.807920e-006	9.937150e-006	-2.092072e-005
2.000369311925592e-006	-1.239636e-004	-9.884594e-006	-1.305172e-004	5.392568e-005	5.431587e-005	-1.198434e-005	-5.568264e-006	7.018668e-005	-2.449564e-004	8.726139e-005	-2.449488e-004	8.971708e-005	4.413377e-005	4.512741e-005	-4.263570e-005	-4.327254e-005	-4.199014e-006	-1.212083e-005	9.762257e-006	9.898671e-006	-2.288707e-005
2.000494957195423e-006	-1.374514e-004	-8.493957e-006	-1.466089e-004	5.673436e-005	5.727918e-005	-1.319461e-005	-6.309358e-006	6.982883e-005	-2.450357e-004	9.795617e-005	-2.450247e-004	9.414151e-005	4.635644e-005	4.738125e-005	-4.498911e-005	-4.564892e-005	-3.861301e-006	-1.379222e-005	1.009262e-005	1.022560e-005	-2.522868e-005
2.000629922147706e-006	-1.514393e-004	-8.377448e-006	-1.616011e-004	5.960028e-005	6.031907e-005	-1.447103e-005	-7.318185e-006	6.883043e-005	-2.451037e-004	1.097911e-004	-2.450898e-004	9.857941e-005	4.857385e-005	4.962494e-005	-4.734122e-005	-4.802255e-005	-3.576768e-006	-1.569613e-005	1.079030e-005	1.092217e-005	-2.778463e-005
2.000778844910815e-006	-1.659657e-004	-8.418593e-006	-1.771013e-004	6.266849e-005	6.359045e-005	-1.577624e-005	-8.493475e-006	6.735211e-005	-2.451889e-004	1.232172e-004	-2.451731e-004	1.032535e-004	5.090743e-005	5.199198e-005	-4.976152e-005	-5.045587e-005	-3.256744e-006	-1.765621e-005	1.165016e-005	1.178394e-005	-3.041067e-005
2.001000000000000e-006	-1.864221e-004	-7.960745e-006	-1.991499e-004	6.710575e-005	6.834269e-005	-1.757218e-005	-1.023156e-005	6.479857e-005	-2.453485e-004	1.434963e-004	-2.453320e-004	1.099344e-004	5.423405e-005	5.537739e-005	-5.320323e-005	-5.391295e-005	-2.740831e-006	-2.034172e-005	1.289391e-005	1.303086e-005	-3.403060e-005
2.001008737808249e-006	-1.847817e-004	-3.290395e-006	-2.035022e-004	6.720889e-005	6.847252e-005	-1.763786e-005	-1.028387e-005	6.462138e-005	-2.453577e-004	1.442645e-004	-2.453412e-004	1.101445e-004	5.434937e-005	5.549529e-005	-5.333237e-005	-5.404395e-005	-2.713889e-006	-2.047793e-005	1.293097e-005	1.306643e-005	-3.428228e-005
2.001026213424747e-006	-1.827670e-004	-1.701546e-006	-2.010442e-004	6.709263e-005	6.837472e-005	-1.769115e-005	-1.041988e-005	6.387613e-005	-2.453770e-004	1.451810e-004	-2.453601e-004	1.101915e-004	5.445824e-005	5.560362e-005	-5.357157e-005	-5.430117e-005	-2.603664e-006	-2.081057e-005	1.297876e-005	1.310340e-005	-3.466157e-005
2.001061164657741e-006	-1.798974e-004	-2.363857e-006	-1.918072e-004	6.615437e-005	6.744944e-005	-1.763870e-005	-1.079510e-005	6.134484e-005	-2.454087e-004	1.451869e-004	-2.453907e-004	1.090964e-004	5.412374e-005	5.524593e-005	-5.381975e-005	-5.462995e-005	-2.443838e-006	-2.099093e-005	1.313319e-005	1.322992e-005	-3.490627e-005
2.001131067123732e-006	-1.748513e-004	-1.966454e-006	-1.806548e-004	6.403893e-005	6.536243e-005	-1.732448e-005	-1.157407e-005	5.607394e-005	-2.454354e-004	1.439282e-004	-2.454145e-004	1.060841e-004	5.273274e-005	5.379495e-005	-5.351968e-005	-5.448171e-005	-2.348393e-006	-2.048801e-005	1.372176e-005	1.378464e-005	-3.457535e-005
2.001202061847067e-006	-1.703093e-004	-1.494412e-006	-1.740183e-004	6.251143e-005	6.386667e-005	-1.692468e-005	-1.213239e-005	5.203950e-005	-2.454439e-004	1.434384e-004	-2.454204e-004	1.038097e-004	5.155002e-005	5.258663e-005	-5.263835e-005	-5.364408e-005	-2.317943e-006	-1.970456e-005	1.429327e-005	1.434786e-005	-3.387908e-005
2.001334921773016e-006	-1.628520e-004	-1.082975e-006	-1.657693e-004	6.072758e-005	6.213860e-005	-1.619204e-005	-1.264549e-005	4.690206e-005	-2.455092e-004	1.439547e-004	-2.454816e-004	1.011729e-004	5.016206e-005	5.121515e-005	-5.094874e-005	-5.191652e-005	-2.175383e-006	-1.824073e-005	1.478376e-005	1.483970e-005	-3.245192e-005
2.001498418779609e-006	-1.551165e-004	-8.385400e-007	-1.576434e-004	5.914579e-005	6.060842e-005	-1.542366e-005	-1.288579e-005	4.248290e-005	-2.457181e-004	1.447423e-004	-2.456865e-004	9.884424e-005	4.894574e-005	5.005465e-005	-4.950069e-005	-5.043965e-005	-1.935672e-006	-1.673983e-005	1.482771e-005	1.488157e-005	-3.092320e-005
2.001825412792797e-006	-1.428218e-004	-5.573888e-007	-1.448426e-004	5.671004e-005	5.823601e-005	-1.420211e-005	-1.297914e-005	3.657739e-005	-2.463776e-004	1.454342e-004	-2.463404e-004	9.521522e-005	4.703125e-005	4.830505e-005	-4.745179e-005	-4.837668e-005	-1.554708e-006	-1.445408e-005	1.454640e-005	1.459438e-005	-2.847942e-005
2.002176895548522e-006	-1.328591e-004	-3.674436e-007	-1.344478e-004	5.465852e-005	5.621812e-005	-1.321391e-005	-1.289552e-005	3.251123e-005	-2.472824e-004	1.452000e-004	-2.472433e-004	9.210494e-005	4.535488e-005	4.684693e-005	-4.570263e-005	-4.662096e-005	-1.301563e-006	-1.269628e-005	1.421120e-005	1.425564e-005	-2.649746e-005
2.002629712922015e-006	-1.237571e-004	-2.314045e-007	-1.249229e-004	5.265129e-005	5.422527e-005	-1.231264e-005	-1.267398e-005	2.939708e-005	-2.486231e-004	1.442276e-004	-2.485890e-004	8.900645e-005	4.364233e-005	4.543907e-005	-4.392174e-005	-4.483377e-005	-1.116185e-006	-1.118507e-005	1.380302e-005	1.384520e-005	-2.468553e-005
2.003116924971443e-006	-1.170520e-004	-1.574054e-007	-1.178840e-004	5.101510e-005	5.259305e-005	-1.164976e-005	-1.244375e-005	2.734094e-005	-2.501351e-004	1.432524e-004	-2.501164e-004	8.644590e-005	4.219843e-005	4.430655e-005	-4.242553e-005	-4.333268e-005	-9.970365e-007	-1.012312e-005	1.345068e-005	1.349102e-005	-2.335185e-005
2.003800895030056e-006	-1.110278e-004	-1.119406e-007	-1.115386e-004	4.929803e-005	5.088158e-005	-1.105507e-005	-1.222457e-005	2.548418e-005	-2.522204e-004	1.426947e-004	-2.522396e-004	8.373165e-005	4.064851e-005	4.312758e-005	-4.082511e-005	-4.172756e-005	-8.899142e-007	-9.185821e-006	1.312018e-005	1.315744e-005	-2.215572e-005
2.004660250418038e-006	-1.066465e-004	-8.923286e-008	-1.069106e-004	4.770650e-005	4.930855e-005	-1.062314e-005	-1.212563e-005	2.382652e-005	-2.546319e-004	1.435647e-004	-2.547243e-004	8.120259e-005	3.920946e-005	4.202653e-005	-3.934518e-005	-4.024403e-005	-7.909219e-007	-8.469823e-006	1.291847e-005	1.295040e-005	-2.128854e-005
2.006124415993857e-006	-1.030179e-004	-7.261012e-008	-1.030687e-004	4.571529e-005	4.736928e-005	-1.026585e-005	-1.221412e-005	2.169452e-005	-2.582149e-004	1.477211e-004	-2.584825e-004	7.803090e-005	3.745308e-005	4.060140e-005	-3.754986e-005	-3.844587e-005	-6.559139e-007	-7.765425e-006	1.286864e-005	1.288927e-005	-2.057435e-005
2.007918677842658e-006	-1.012115e-004	-5.771383e-008	-1.011557e-004	4.382355e-005	4.555157e-005	-1.008825e-005	-1.248270e-005	1.970701e-005	-2.619145e-004	1.550869e-004	-2.624639e-004	7.500951e-005	3.586471e-005	3.916308e-005	-3.593833e-005	-3.683320e-005	-5.222271e-007	-7.261130e-006	1.300224e-005	1.300780e-005	-2.022290e-005
2.010088979981844e-006	-1.005650e-004	-4.152246e-008	-1.004750e-004	4.192298e-005	4.373178e-005	-1.002494e-005	-1.282395e-005	1.804833e-005	-2.656376e-004	1.653237e-004	-2.666181e-004	7.194847e-005	3.434741e-005	3.761716e-005	-3.441041e-005	-3.530469e-005	-4.020311e-007	-6.911083e-006	1.322347e-005	1.321136e-005	-2.010112e-005
2.013071528907801e-006	-1.003331e-004	-2.170116e-008	-1.002375e-004	3.955330e-005	4.145022e-005	-1.000252e-005	-1.320134e-005	1.653189e-005	-2.701180e-004	1.797387e-004	-2.717892e-004	6.809051e-005	3.249824e-005	3.560709e-005	-3.255640e-005	-3.344921e-005	-2.805695e-007	-6.611003e-006	1.348015e-005	1.344576e-005	-2.006105e-005
2.013630912757655e-006	-1.003181e-004	-1.864653e-008	-1.002230e-004	3.913441e-005	4.104365e-005	-1.000112e-005	-1.325168e-005	1.634970e-005	-2.708935e-004	1.823977e-004	-2.727092e-004	6.740141e-005	3.217081e-005	3.524535e-005	-3.222837e-005	-3.312065e-005	-2.632304e-007	-6.575176e-006	1.351334e-005	1.347521e-005	-2.005882e-005
2.014749680457365e-006	-1.003037e-004	-1.360853e-008	-1.002105e-004	3.834194e-005	4.026859e-005	-9.999896e-006	-1.331574e-005	1.614405e-005	-2.723738e-004	1.875854e-004	-2.745054e-004	6.608493e-005	3.154367e-005	3.455596e-005	-3.160007e-005	-3.249081e-005	-2.366489e-007	-6.534560e-006	1.355122e-005	1.350650e-005	-2.005681e-005
2.016987215856783e-006	-1.002795e-004	-4.781754e-009	-1.001899e-004	3.688106e-005	3.883118e-005	-9.997859e-006	-1.337776e-005	1.599892e-005	-2.753247e-004	1.976579e-004	-2.781433e-004	6.363550e-005	3.036227e-005	3.328710e-005	-3.041651e-005	-3.130375e-005	-1.956883e-007	-6.506789e-006	1.357281e-005	1.351694e-005	-2.005199e-005
2.021462286655619e-006	-1.002414e-004	8.198738e-009	-1.001571e-004	3.447198e-005	3.644602e-005	-9.994823e-006	-1.331984e-005	1.646589e-005	-2.814539e-004	2.168975e-004	-2.858296e-004	5.953950e-005	2.833976e-005	3.121104e-005	-2.838722e-005	-2.926811e-005	-1.411183e-007	-6.604474e-006	1.346116e-005	1.339037e-005	-2.004049e-005
2.028682365197546e-006	-1.001974e-004	2.087297e-008	-1.001188e-004	3.186338e-005	3.386304e-005	-9.991733e-006	-1.293763e-005	1.855118e-005	-2.922840e-004	2.463221e-004	-2.995712e-004	5.501381e-005	2.601227e-005	2.900732e-005	-2.604427e-005	-2.692293e-005	-8.907273e-008	-7.013699e-006	1.302786e-005	1.294907e-005	-2.001973e-005
2.036573751628735e-006	-1.001675e-004	2.602101e-008	-1.000928e-004	3.078582e-005	3.284193e-005	-9.990279e-006	-1.230374e-005	2.209770e-005	-3.055994e-004	2.767298e-004	-3.166211e-004	5.303468e-005	2.487168e-005	2.816225e-005	-2.488437e-005	-2.578049e-005	-5.738199e-008	-7.653724e-006	1.236286e-005	1.229385e-005	-1.999768e-005
2.045435920826019e-006	-1.001493e-004	2.358973e-008	-1.000780e-004	3.159453e-005	3.378485e-005	-9.990357e-006	-1.154747e-005	2.674864e-005	-3.219031e-004	3.087852e-004	-3.378658e-004	5.423868e-005	2.529502e-005	2.893700e-005	-2.528895e-005	-2.623577e-005	-3.738093e-008	-8.407297e-006	1.158666e-005	1.154379e-005	-1.997798e-005
2.055673645318701e-006	-1.001360e-004	1.476493e-008	-1.000679e-004	3.418396e-005	3.661742e-005	-9.991465e-006	-1.086784e-005	3.145627e-005	-3.406688e-004	3.430501e-004	-3.632720e-004	5.846375e-005	2.729772e-005	3.115600e-005	-2.727944e-005	-2.831571e-005	-2.336207e-008	-9.084614e-006	1.089252e-005	1.088459e-005	-1.996425e-005
2.065878624828169e-006	-1.001186e-004	3.894028e-009	-1.000520e-004	3.729556e-005	4.002977e-005	-9.992558e-006	-1.053506e-005	3.417881e-005	-3.571459e-004	3.741340e-004	-3.873038e-004	6.361589e-005	2.991544e-005	3.369097e-005	-2.989650e-005	-3.103366e-005	-1.468352e-008	-9.420130e-006	1.055026e-005	1.057037e-005	-1.995976e-005
2.075939058184263e-006	-1.000794e-004	-5.091071e-009	-1.000091e-004	3.960163e-005	4.264126e-005	-9.992315e-006	-1.057838e-005	3.436962e-005	-3.694990e-004	4.019754e-004	-4.080791e-004	6.747914e-005	3.199532e-005	3.547760e-005	-3.198470e-005	-3.320795e-005	-9.724002e-009	-9.383852e-006	1.058787e-005	1.062140e-005	-1.996159e-005
2.088560404864586e-006	-9.995857e-005	-1.153157e-008	-9.986873e-005	4.049352e-005	4.387158e-005	-9.987599e-006	-1.097368e-005	3.221232e-005	-3.798904e-004	4.345885e-004	-4.305063e-004	6.905675e-005	3.297381e-005	3.608173e-005	-3.297790e-005	-3.427138e-005	-6.724858e-009	-8.995601e-006	1.097957e-005	1.100997e-005	-1.996313e-005
2.100717599291127e-006	-9.974471e-005	-1.375869e-008	-9.961732e-005	3.959491e-005	4.324255e-005	-9.977199e-006	-1.150572e-005	2.910184e-005	-3.864936e-004	4.650056e-004	-4.501491e-004	6.768673e-005	3.240593e-005	3.528377e-005	-3.242323e-005	-3.375023e-005	-5.728555e-009	-8.462029e-006	1.151037e-005	1.152356e-005	-1.995681e-005
2.102972770321606e-006	-9.967566e-005	-1.379847e-008	-9.953543e-005	3.919357e-005	4.288192e-005	-9.973506e-006	-1.161082e-005	2.848613e-005	-3.872670e-004	4.704811e-004	-4.536599e-004	6.704214e-005	3.209415e-005	3.495155e-005	-3.211332e-005	-3.344159e-005	-5.763896e-009	-8.353400e-006	1.161549e-005	1.162376e-005	-1.995244e-005
2.107483112382563e-006	-9.946561e-005	-1.398757e-008	-9.928779e-005	3.810171e-005	4.185981e-005	-9.962210e-006	-1.182119e-005	2.726424e-005	-3.879512e-004	4.808359e-004	-4.605670e-004	6.526423e-005	3.121877e-005	3.404989e-005	-3.124068e-005	-3.256434e-005	-6.107594e-009	-8.128612e-006	1.182620e-005	1.182232e-005	-1.993636e-005
2.116503796504476e-006	-9.881743e-005	-1.586725e-008	-9.853702e-005	3.544355e-005	3.932565e-005	-9.930505e-006	-1.227838e-005	2.466412e-005	-3.866814e-004	4.990804e-004	-4.738124e-004	6.088892e-005	2.907677e-005	3.181833e-005	-2.910395e-005	-3.040226e-005	-7.171711e-009	-7.627379e-006	1.228432e-005	1.225007e-005	-1.988849e-005
2.134545164748303e-006	-9.681509e-005	-2.067203e-008	-9.627385e-005	2.885746e-005	3.290096e-005	-9.846806e-006	-1.332283e-005	1.903538e-005	-3.779802e-004	5.295618e-004	-4.982867e-004	4.990085e-005	2.372359e-005	2.618754e-005	-2.376319e-005	-2.495761e-005	-1.002428e-008	-6.463422e-006	1.333133e-005	1.321511e-005	-1.976007e-005
2.151486796144641e-006	-9.434769e-005	-2.261030e-008	-9.356650e-005	2.169368e-005	2.576026e-005	-9.760791e-006	-1.439146e-005	1.369259e-005	-3.665469e-004	5.549361e-004	-5.195034e-004	3.780549e-005	1.783679e-005	1.998321e-005	-1.788966e-005	-1.893456e-005	-1.298407e-008	-5.272968e-006	1.440280e-005	1.418900e-005	-1.963001e-005
2.153733373988616e-006	-9.397361e-005	-2.212365e-008	-9.316733e-005	2.067755e-005	2.472298e-005	-9.751377e-006	-1.453053e-005	1.306165e-005	-3.650533e-004	5.582292e-004	-5.221665e-004	3.607094e-005	1.699181e-005	1.909410e-005	-1.704621e-005	-1.806508e-005	-1.335264e-008	-5.121521e-006	1.454227e-005	1.431327e-005	-1.961676e-005
2.158226529676567e-006	-9.315412e-005	-2.031425e-008	-9.231238e-005	1.867088e-005	2.262851e-005	-9.736541e-006	-1.477650e-005	1.203666e-005	-3.624089e-004	5.646436e-004	-5.272624e-004	3.261712e-005	1.531351e-005	1.731923e-005	-1.536982e-005	-1.632912e-005	-1.401136e-008	-4.857503e-006	1.478901e-005	1.452733e-005	-1.959732e-005
2.167212841052469e-006	-9.126910e-005	-2.307923e-008	-9.036809e-005	1.504899e-005	1.874940e-005	-9.711603e-006	-1.517049e-005	1.047661e-005	-3.576957e-004	5.760572e-004	-5.366390e-004	2.634907e-005	1.229269e-005	1.407287e-005	-1.235113e-005	-1.318732e-005	-1.507245e-008	-4.433216e-006	1.518425e-005	1.485604e-005	-1.956481e-005
2.185185463804273e-006	-8.610654e-005	-4.144794e-007	-8.475294e-005	9.148020e-006	1.212538e-005	-9.688420e-006	-1.570161e-005	8.535375e-006	-3.502230e-004	5.937188e-004	-5.525410e-004	1.607831e-005	7.404064e-006	8.691890e-006	-7.464910e-006	-8.059800e-006	-1.593399e-008	-3.881183e-006	1.571653e-005	1.525080e-005	-1.954214e-005
2.205288607622560e-006	-7.815201e-005	-1.677972e-006	-7.557153e-005	3.965970e-006	5.949682e-006	-9.695980e-006	-1.604515e-005	7.418326e-006	-3.437168e-004	6.070040e-004	-5.671377e-004	7.018841e-006	3.156898e-006	3.881015e-006	-3.219787e-006	-3.560889e-006	-1.514549e-008	-3.564424e-006	1.605955e-005	1.543451e-005	-1.957045e-005
2.205716713181295e-006	-7.787956e-005	-1.757951e-006	-7.522711e-005	3.878363e-006	5.838066e-006	-9.697662e-006	-1.604863e-005	7.412231e-006	-3.436047e-004	6.071352e-004	-5.673909e-004	6.865293e-006	3.086074e-006	3.798511e-006	-3.149444e-006	-3.485697e-006	-1.496979e-008	-3.563805e-006	1.606284e-005	1.543417e-005	-1.957369e-005
2.206572924298765e-006	-7.712992e-005	-2.024444e-006	-7.423761e-005	3.726180e-006	5.634242e-006	-9.704117e-006	-1.605078e-005	7.425516e-006	-3.434040e-004	6.071404e-004	-5.678343e-004	6.598067e-006	2.964108e-006	3.653890e-006	-3.029180e-006	-3.356400e-006	-1.443799e-008	-3.572275e-006	1.606445e-005	1.542803e-005	-1.958564e-005
2.208285346533705e-006	-7.534296e-005	-2.655119e-006	-7.187365e-005	3.427709e-006	5.227857e-006	-9.719864e-006	-1.604603e-005	7.491822e-006	-3.429872e-004	6.067402e-004	-5.687002e-004	6.073178e-006	2.724883e-006	3.369180e-006	-2.792850e-006	-3.101683e-006	-1.354255e-008	-3.603539e-006	1.605886e-005	1.540652e-005	-1.961459e-005
2.211710191003586e-006	-7.065558e-005	-4.180584e-006	-6.578202e-005	2.865591e-006	4.438403e-006	-9.757247e-006	-1.599321e-005	7.782992e-006	-3.420687e-004	6.044501e-004	-5.703053e-004	5.083306e-006	2.276084e-006	2.829879e-006	-2.348877e-006	-2.621219e-006	-1.158925e-008	-3.719250e-006	1.600423e-005	1.531844e-005	-1.968225e-005
2.218559879943347e-006	-5.933610e-005	-7.533724e-006	-5.134285e-005	1.888383e-006	3.011702e-006	-9.832883e-006	-1.574784e-005	8.832213e-006	-3.400774e-004	5.967178e-004	-5.730990e-004	3.359146e-006	1.499478e-006	1.884094e-006	-1.576798e-006	-1.780283e-006	-8.027032e-009	-4.088020e-006	1.575572e-005	1.500194e-005	-1.981439e-005
2.224626471418964e-006	-4.944386e-005	-1.027825e-005	-3.885333e-005	1.248128e-006	2.038654e-006	-9.883552e-006	-1.536188e-005	1.033519e-005	-3.384421e-004	5.885933e-004	-5.750679e-004	2.226273e-006	9.920283e-007	1.257478e-006	-1.065252e-006	-1.217603e-006	-5.936699e-009	-4.549092e-006	1.536816e-005	1.456110e-005	-1.989524e-005
2.232220212436327e-006	-3.926922e-005	-1.301122e-005	-2.605488e-005	7.564165e-007	1.259115e-006	-9.922994e-006	-1.467306e-005	1.307484e-005	-3.371373e-004	5.794146e-004	-5.769673e-004	1.352298e-006	6.019566e-007	7.697138e-007	-6.632702e-007	-7.693524e-007	-4.489837e-009	-5.283116e-006	1.467849e-005	1.382479e-005	-1.994559e-005
2.239897625234572e-006	-3.208698e-005	-1.493358e-005	-1.701129e-005	4.971008e-007	8.355138e-007	-9.946993e-006	-1.380886e-005	1.696359e-005	-3.373253e-004	5.732220e-004	-5.787374e-004	8.877900e-007	3.934547e-007	5.087819e-007	-4.409708e-007	-5.176300e-007	-3.777914e-009	-6.161456e-006	1.381417e-005	1.294882e-005	-1.996381e-005
2.251822688132309e-006	-2.516877e-005	-1.677556e-005	-8.297042e-006	3.508330e-007	5.895123e-007	-9.967312e-006	-1.223394e-005	2.552351e-005	-3.408287e-004	5.690450e-004	-5.820798e-004	6.181665e-007	2.666308e-007	3.570343e-007	-2.904594e-007	-3.425591e-007	-3.432082e-009	-7.725854e-006	1.223986e-005	1.143303e-005	-1.995861e-005
2.265807660539286e-006	-2.053817e-005	-1.797793e-005	-2.488768e-006	5.042983e-007	8.199366e-007	-9.979416e-006	-1.020317e-005	3.997223e-005	-3.499662e-004	5.704472e-004	-5.885463e-004	8.567251e-007	3.398623e-007	5.094043e-007	-3.253811e-007	-3.737551e-007	-3.415857e-009	-9.724848e-006	1.021013e-005	9.565846e-006	-1.993247e-005
2.286185955872608e-006	-1.674168e-005	-1.891083e-005	2.216532e-006	1.273905e-006	2.003311e-006	-9.989540e-006	-7.152008e-006	6.683681e-005	-3.698695e-004	5.795588e-004	-6.025520e-004	2.117296e-006	7.927134e-007	1.294357e-006	-7.016412e-007	-7.834282e-007	-3.344012e-009	-1.272139e-005	7.160118e-006	6.839598e-006	-1.988567e-005
2.287818067924149e-006	-1.660459e-005	-1.894022e-005	2.380229e-006	1.437629e-006	2.246695e-006	-9.990800e-006	-6.921344e-006	6.927249e-005	-3.719149e-004	5.807356e-004	-6.041353e-004	2.386073e-006	8.898688e-007	1.463833e-006	-7.919793e-007	-8.836352e-007	-3.277745e-009	-1.294926e-005	6.929414e-006	6.635845e-006	-1.988348e-005
2.291082292027232e-006	-1.667175e-005	-1.890741e-005	2.271184e-006	2.082754e-006	3.173551e-006	-9.994468e-006	-6.512603e-006	7.428141e-005	-3.767444e-004	5.839518e-004	-6.084042e-004	3.445441e-006	1.274181e-006	2.134527e-006	-1.163711e-006	-1.295152e-006	-2.992118e-009	-1.335637e-005	6.520276e-006	6.277012e-006	-1.988288e-005
2.297610740233396e-006	-1.782570e-005	-1.857431e-005	7.554846e-007	4.602683e-006	6.546753e-006	-1.000349e-005	-5.898259e-006	8.241821e-005	-3.871440e-004	5.930196e-004	-6.204974e-004	7.618612e-006	2.878951e-006	4.696602e-006	-2.750530e-006	-3.021443e-006	-1.983071e-009	-1.397478e-005	5.904265e-006	5.745436e-006	-1.988907e-005
2.310667636645726e-006	-2.327628e-005	-1.710156e-005	-6.242427e-006	1.333098e-005	1.756367e-005	-1.002583e-005	-5.335500e-006	9.066865e-005	-4.076610e-004	6.190204e-004	-6.541650e-004	2.222002e-005	9.001034e-006	1.317286e-005	-8.863714e-006	-9.574505e-006	1.057978e-009	-1.456663e-005	5.335951e-006	5.302969e-006	-1.992273e-005
2.320366428258095e-006	-2.970775e-005	-1.541411e-005	-1.441545e-005	2.210599e-005	2.815183e-005	-1.004099e-005	-5.543217e-006	8.825893e-005	-4.190844e-004	6.431775e-004	-6.832339e-004	3.703922e-005	1.589367e-005	2.110688e-005	-1.577707e-005	-1.689898e-005	3.504986e-009	-1.439191e-005	5.538867e-006	5.568381e-006	-1.995681e-005
2.327099668618525e-006	-3.517386e-005	-1.400793e-005	-2.131275e-005	2.830947e-005	3.543315e-005	-1.004684e-005	-6.131026e-006	8.079406e-005	-4.217999e-004	6.600238e-004	-7.012202e-004	4.760063e-005	2.132456e-005	2.624784e-005	-2.123706e-005	-2.263722e-005	4.820672e-009	-1.382956e-005	6.123821e-006	6.177568e-006	-1.997998e-005
2.333160955486672e-006	-3.999178e-005	-1.278439e-005	-2.735882e-005	3.243026e-005	4.023139e-005	-1.004672e-005	-6.948625e-006	7.111189e-005	-4.192983e-004	6.715673e-004	-7.113343e-004	5.469865e-005	2.535469e-005	2.932687e-005	-2.529854e-005	-2.688358e-005	5.373692e-009	-1.303284e-005	6.939864e-006	7.001114e-006	-1.999630e-005
2.339302379722487e-006	-4.406785e-005	-1.175462e-005	-3.244967e-005	3.448510e-005	4.266976e-005	-1.004118e-005	-7.945401e-006	6.045493e-005	-4.131744e-004	6.781589e-004	-7.147565e-004	5.836938e-005	2.776529e-005	3.059796e-005	-2.774052e-005	-2.942794e-005	5.216195e-009	-1.205221e-005	7.936304e-006	7.990801e-006	-2.000617e-005
2.345637614060175e-006	-4.733768e-005	-1.092852e-005	-3.651620e-005	3.479401e-005	4.313467e-005	-1.003135e-005	-9.040469e-006	4.974855e-005	-4.048618e-004	6.808253e-004	-7.132660e-004	5.914180e-005	2.870757e-005	3.043887e-005	-2.871372e-005	-3.043737e-005	4.544995e-009	-1.096787e-005	9.031935e-006	9.067684e-006	-2.001013e-005
2.346421116456996e-006	-4.763562e-005	-1.085285e-005	-3.688481e-005	3.466847e-005	4.300644e-005	-1.002982e-005	-9.175391e-006	4.852236e-005	-4.037270e-004	6.808052e-004	-7.126923e-004	5.896256e-005	2.867696e-005	3.029124e-005	-2.868626e-005	-3.040826e-005	4.410535e-009	-1.083381e-005	9.167021e-006	9.199360e-006	-2.001009e-005
2.347988121250636e-006	-4.805665e-005	-1.074506e-005	-3.740240e-005	3.419258e-005	4.249323e-005	-1.002642e-005	-9.436591e-006	4.628345e-005	-4.013816e-004	6.803088e-004	-7.110756e-004	5.822268e-005	2.840691e-005	2.982304e-005	-2.842159e-005	-3.013179e-005	4.085502e-009	-1.057354e-005	9.428657e-006	9.452636e-006	-2.000925e-005
2.351122130837917e-006	-4.856602e-005	-1.061353e-005	-3.802163e-005	3.293288e-005	4.110719e-005	-1.001950e-005	-9.921980e-006	4.231877e-005	-3.967670e-004	6.787322e-004	-7.073565e-004	5.620596e-005	2.756426e-005	2.865241e-005	-2.758955e-005	-2.926378e-005	3.452276e-009	-1.008832e-005	9.914924e-006	9.920034e-006	-2.000662e-005
2.357390150012479e-006	-4.857955e-005	-1.060581e-005	-3.800137e-005	2.970550e-005	3.748295e-005	-1.000637e-005	-1.074368e-005	3.604910e-005	-3.881029e-004	6.742138e-004	-6.990522e-004	5.090201e-005	2.514383e-005	2.577381e-005	-2.518543e-005	-2.675612e-005	2.209462e-009	-9.263821e-006	1.073847e-005	1.070101e-005	-1.999977e-005
2.365971497510063e-006	-4.708176e-005	-1.098534e-005	-3.607808e-005	2.468908e-005	3.173259e-005	-9.991561e-006	-1.156723e-005	3.020846e-005	-3.777430e-004	6.666534e-004	-6.874880e-004	4.248726e-005	2.111262e-005	2.139404e-005	-2.116800e-005	-2.256086e-005	7.361105e-010	-8.433368e-006	1.156438e-005	1.146506e-005	-1.998997e-005
2.374557979469296e-006	-4.432864e-005	-1.169326e-005	-3.258759e-005	1.973415e-005	2.592478e-005	-9.981816e-006	-1.204360e-005	2.702103e-005	-3.694373e-004	6.586314e-004	-6.769650e-004	3.404582e-005	1.695985e-005	1.710634e-005	-1.702021e-005	-1.821931e-005	-3.543097e-010	-7.949269e-006	1.204267e-005	1.188370e-005	-1.998182e-005
2.382352288642547e-006	-4.121055e-005	-1.250218e-005	-2.864809e-005	1.582141e-005	2.122896e-005	-9.977707e-006	-1.218902e-005	2.604005e-005	-3.638830e-004	6.517382e-004	-6.691052e-004	2.730871e-005	1.359818e-005	1.372968e-005	-1.365631e-005	-1.468668e-005	-9.939856e-010	-7.797425e-006	1.218940e-005	1.198365e-005	-1.997650e-005
2.389206098850023e-006	-3.836998e-005	-1.324373e-005	-2.506362e-005	1.307288e-005	1.785434e-005	-9.977158e-006	-1.212633e-005	2.635670e-005	-3.605544e-004	6.464110e-004	-6.637693e-004	2.254632e-005	1.120264e-005	1.136052e-005	-1.125465e-005	-1.215517e-005	-1.328650e-009	-7.855006e-006	1.212755e-005	1.188972e-005	-1.997298e-005
2.395318456062496e-006	-3.599362e-005	-1.386659e-005	-2.206677e-005	1.121737e-005	1.552928e-005	-9.978342e-006	-1.195009e-005	2.738956e-005	-3.587627e-004	6.424353e-004	-6.602529e-004	1.931900e-005	9.568521e-006	9.764566e-006	-9.612673e-006	-1.041810e-005	-1.493908e-009	-8.026797e-006	1.195186e-005	1.169425e-005	-1.997016e-005
2.401586833632354e-006	-3.384623e-005	-1.443050e-005	-1.936037e-005	9.852088e-006	1.378770e-005	-9.980517e-006	-1.168261e-005	2.903439e-005	-3.579598e-004	6.391800e-004	-6.577384e-004	1.693631e-005	8.351537e-006	8.595622e-006	-8.386116e-006	-9.116163e-006	-1.572330e-009	-8.289579e-006	1.168479e-005	1.141598e-005	-1.996716e-005
2.408245086799293e-006	-3.199001e-005	-1.491751e-005	-1.702381e-005	8.945950e-006	1.261215e-005	-9.983377e-006	-1.133293e-005	3.130636e-005	-3.581568e-004	6.366876e-004	-6.561796e-004	1.534491e-005	7.522863e-006	7.829250e-006	-7.546447e-006	-8.222173e-006	-1.577236e-009	-8.634132e-006	1.133538e-005	1.106497e-005	-1.996377e-005
2.418185858167193e-006	-3.002258e-005	-1.543081e-005	-1.455445e-005	8.411083e-006	1.189755e-005	-9.988043e-006	-1.075754e-005	3.530559e-005	-3.599817e-004	6.345949e-004	-6.555602e-004	1.437889e-005	6.976803e-006	7.403957e-006	-6.984053e-006	-7.621413e-006	-1.465821e-009	-9.202227e-006	1.076016e-005	1.050299e-005	-1.995887e-005
2.430246723389062e-006	-2.889173e-005	-1.571950e-005	-1.315006e-005	8.831445e-006	1.240277e-005	-9.993807e-006	-1.010030e-005	4.025751e-005	-3.638089e-004	6.343571e-004	-6.570618e-004	1.504551e-005	7.207277e-006	7.834692e-006	-7.197752e-006	-7.847273e-006	-1.153193e-009	-9.853233e-006	1.010268e-005	9.877104e-006	-1.995498e-005
2.448203500772161e-006	-2.904196e-005	-1.566461e-005	-1.337941e-005	1.087211e-005	1.495228e-005	-1.000219e-005	-9.320282e-006	4.661740e-005	-3.708926e-004	6.370979e-004	-6.621907e-004	1.847159e-005	8.732457e-006	9.730187e-006	-8.705842e-006	-9.450393e-006	-4.226020e-010	-1.063011e-005	9.321631e-006	9.154420e-006	-1.995438e-005
2.456743518678526e-006	-2.984961e-005	-1.544663e-005	-1.441594e-005	1.232934e-005	1.676207e-005	-1.000567e-005	-9.104461e-006	4.849234e-005	-3.741686e-004	6.394701e-004	-6.655041e-004	2.094484e-005	9.880511e-006	1.105448e-005	-9.850834e-006	-1.066527e-005	-7.392878e-012	-1.084772e-005	9.105092e-006	8.963927e-006	-1.995676e-005
2.465827429970774e-006	-3.124778e-005	-1.507666e-005	-1.619306e-005	1.410888e-005	1.895268e-005	-1.000826e-005	-9.055164e-006	4.898957e-005	-3.769226e-004	6.425941e-004	-6.692974e-004	2.398527e-005	1.133169e-005	1.264452e-005	-1.130403e-005	-1.220351e-005	4.110638e-010	-1.090148e-005	9.054973e-006	8.935342e-006	-1.996112e-005
2.474708931257837e-006	-3.276503e-005	-1.467896e-005	-1.811295e-005	1.570006e-005	2.089905e-005	-1.000944e-005	-9.141172e-006	4.829509e-005	-3.785599e-004	6.455448e-004	-6.725071e-004	2.672005e-005	1.267254e-005	1.404030e-005	-1.265018e-005	-1.362543e-005	7.150150e-010	-1.082061e-005	9.140307e-006	9.034363e-006	-1.996560e-005
2.483064440625532e-006	-3.418405e-005	-1.430923e-005	-1.990288e-005	1.695324e-005	2.242725e-005	-1.000943e-005	-9.308787e-006	4.688200e-005	-3.792175e-004	6.479993e-004	-6.748790e-004	2.888758e-005	1.376504e-005	1.511766e-005	-1.374948e-005	-1.478475e-005	8.884205e-010	-1.065793e-005	9.307458e-006	9.208581e-006	-1.996948e-005
2.484274787945653e-006	-3.437518e-005	-1.425964e-005	-2.014343e-005	1.709476e-005	2.260000e-005	-1.000931e-005	-9.340440e-006	4.661482e-005	-3.792136e-004	6.482941e-004	-6.751260e-004	2.913417e-005	1.389303e-005	1.523665e-005	-1.387858e-005	-1.492077e-005	9.018231e-010	-1.062691e-005	9.339063e-006	9.240569e-006	-1.996995e-005
2.486695482585894e-006	-3.472033e-005	-1.417037e-005	-2.057696e-005	1.730500e-005	2.285775e-005	-1.000889e-005	-9.411994e-006	4.601468e-005	-3.790612e-004	6.487653e-004	-6.754516e-004	2.950400e-005	1.409166e-005	1.540863e-005	-1.407953e-005	-1.513236e-005	9.096632e-010	-1.055649e-005	9.410553e-006	9.311876e-006	-1.997074e-005
2.491536871866377e-006	-3.531901e-005	-1.401582e-005	-2.132751e-005	1.758907e-005	2.320947e-005	-1.000782e-005	-9.561476e-006	4.477387e-005	-3.785490e-004	6.494711e-004	-6.758029e-004	3.001102e-005	1.437704e-005	1.563178e-005	-1.436943e-005	-1.543753e-005	8.848839e-010	-1.040904e-005	9.559983e-006	9.459470e-006	-1.997201e-005
2.498279640576886e-006	-3.589739e-005	-1.386716e-005	-2.204948e-005	1.767054e-005	2.332166e-005	-1.000596e-005	-9.767387e-006	4.309521e-005	-3.774658e-004	6.498889e-004	-6.756393e-004	3.017827e-005	1.450909e-005	1.566884e-005	-1.450713e-005	-1.558250e-005	7.858887e-010	-1.020511e-005	9.765954e-006	9.659961e-006	-1.997300e-005
2.511539889819795e-006	-3.638357e-005	-1.374409e-005	-2.264724e-005	1.716289e-005	2.273556e-005	-1.000196e-005	-1.012889e-005	4.021128e-005	-3.747776e-004	6.494514e-004	-6.740069e-004	2.935447e-005	1.418854e-005	1.516842e-005	-1.419533e-005	-1.525448e-005	4.852959e-010	-9.845432e-006	1.012782e-005	1.000576e-005	-1.997326e-005
2.522177488425769e-006	-3.626426e-005	-1.377757e-005	-2.248566e-005	1.635583e-005	2.177607e-005	-9.999007e-006	-1.035149e-005	3.846662e-005	-3.725138e-004	6.482764e-004	-6.719831e-004	2.799633e-005	1.356916e-005	1.443106e-005	-1.358046e-005	-1.460722e-005	2.106331e-010	-9.622778e-006	1.035083e-005	1.021363e-005	-1.997241e-005
2.529831624058346e-006	-3.588008e-005	-1.387906e-005	-2.199491e-005	1.562323e-005	2.089402e-005	-9.997366e-006	-1.044905e-005	3.770794e-005	-3.710372e-004	6.470538e-004	-6.703109e-004	2.674869e-005	1.297479e-005	1.377815e-005	-1.298740e-005	-1.398244e-005	2.265055e-011	-9.524323e-006	1.044872e-005	1.030068e-005	-1.997129e-005
2.537557931974889e-006	-3.533348e-005	-1.402266e-005	-2.130129e-005	1.489046e-005	2.000350e-005	-9.996326e-006	-1.048753e-005	3.739887e-005	-3.698677e-004	6.457301e-004	-6.687217e-004	2.549271e-005	1.236375e-005	1.313304e-005	-1.237608e-005	-1.333783e-005	-1.317566e-010	-9.484478e-006	1.048750e-005	1.033017e-005	-1.996998e-005
2.546412204734527e-006	-3.464937e-005	-1.420199e-005	-2.043590e-005	1.416585e-005	1.911552e-005	-9.995823e-006	-1.047256e-005	3.748876e-005	-3.689760e-004	6.443246e-004	-6.672129e-004	2.424433e-005	1.174648e-005	1.250131e-005	-1.175712e-005	-1.268449e-005	-2.570066e-010	-9.497649e-006	1.047280e-005	1.030775e-005	-1.996847e-005
2.556222434239225e-006	-3.390007e-005	-1.439810e-005	-1.948995e-005	1.350839e-005	1.830387e-005	-9.995830e-006	-1.041013e-005	3.793421e-005	-3.684091e-004	6.429596e-004	-6.658958e-004	2.310624e-005	1.117515e-005	1.193356e-005	-1.118293e-005	-1.207789e-005	-3.469755e-010	-9.557996e-006	1.041061e-005	1.023999e-005	-1.996687e-005
2.557466128591545e-006	-3.381143e-005	-1.442126e-005	-1.937823e-005	1.344284e-005	1.822241e-005	-9.995880e-006	-1.039842e-005	3.801988e-005	-3.683801e-004	6.428137e-004	-6.657701e-004	2.299219e-005	1.111694e-005	1.187756e-005	-1.112429e-005	-1.201590e-005	-3.537403e-010	-9.569450e-006	1.039892e-005	1.022792e-005	-1.996668e-005
2.559953517296183e-006	-3.365013e-005	-1.446334e-005	-1.917521e-005	1.334229e-005	1.809666e-005	-9.996050e-006	-1.037028e-005	3.822850e-005	-3.683874e-004	6.425721e-004	-6.655876e-004	2.281619e-005	1.102534e-005	1.179286e-005	-1.103175e-005	-1.191801e-005	-3.597444e-010	-9.597101e-006	1.037081e-005	1.019956e-005	-1.996634e-005
2.564928294705460e-006	-3.335033e-005	-1.454147e-005	-1.879820e-005	1.317479e-005	1.788633e-005	-9.996448e-006	-1.031075e-005	3.867269e-005	-3.684645e-004	6.421471e-004	-6.652959e-004	2.252171e-005	1.086979e-005	1.165329e-005	-1.087430e-005	-1.175142e-005	-3.629487e-010	-9.655686e-006	1.031133e-005	1.014010e-005	-1.996570e-005
2.566171989057779e-006	-3.328156e-005	-1.455937e-005	-1.871179e-005	1.314146e-005	1.784424e-005	-9.996561e-006	-1.029517e-005	3.878962e-005	-3.684991e-004	6.420560e-004	-6.652415e-004	2.246272e-005	1.083795e-005	1.162598e-005	-1.084198e-005	-1.171721e-005	-3.618976e-010	-9.671037e-006	1.029576e-005	1.012466e-005	-1.996555e-005
2.566482912645859e-006	-3.326547e-005	-1.456355e-005	-1.869159e-005	1.313461e-005	1.783554e-005	-9.996591e-006	-1.029117e-005	3.881978e-005	-3.685104e-004	6.420359e-004	-6.652311e-004	2.245051e-005	1.083122e-005	1.162046e-005	-1.083513e-005	-1.170995e-005	-3.613471e-010	-9.674985e-006	1.029176e-005	1.012072e-005	-1.996552e-005
2.567104759822019e-006	-3.323406e-005	-1.457171e-005	-1.865218e-005	1.312188e-005	1.781934e-005	-9.996653e-006	-1.028313e-005	3.888056e-005	-3.685345e-004	6.419974e-004	-6.652125e-004	2.242777e-005	1.081856e-005	1.161030e-005	-1.082223e-005	-1.169630e-005	-3.600505e-010	-9.682924e-006	1.028372e-005	1.011279e-005	-1.996545e-005
2.568348454174338e-006	-3.317291e-005	-1.458760e-005	-1.857545e-005	1.309846e-005	1.778944e-005	-9.996780e-006	-1.026695e-005	3.900296e-005	-3.685860e-004	6.419242e-004	-6.651795e-004	2.238576e-005	1.079493e-005	1.159175e-005	-1.079813e-005	-1.167078e-005	-3.569209e-010	-9.698892e-006	1.026755e-005	1.009689e-005	-1.996532e-005
2.568659377762418e-006	-3.315811e-005	-1.459144e-005	-1.855690e-005	1.309320e-005	1.778269e-005	-9.996812e-006	-1.026288e-005	3.903378e-005	-3.685998e-004	6.419069e-004	-6.651725e-004	2.237627e-005	1.078952e-005	1.158764e-005	-1.079260e-005	-1.166492e-005	-3.560164e-010	-9.702907e-006	1.026349e-005	1.009291e-005	-1.996528e-005
2.569281224938578e-006	-3.312967e-005	-1.459881e-005	-1.852125e-005	1.308403e-005	1.777089e-005	-9.996878e-006	-1.025471e-005	3.909585e-005	-3.686296e-004	6.418750e-004	-6.651614e-004	2.235965e-005	1.077983e-005	1.158063e-005	-1.078267e-005	-1.165441e-005	-3.539481e-010	-9.710981e-006	1.025532e-005	1.008490e-005	-1.996522e-005
2.570524919290897e-006	-3.307599e-005	-1.461273e-005	-1.845400e-005	1.306933e-005	1.775175e-005	-9.997014e-006	-1.023831e-005	3.922079e-005	-3.686945e-004	6.418180e-004	-6.651470e-004	2.233261e-005	1.076349e-005	1.156979e-005	-1.076586e-005	-1.163659e-005	-3.490974e-010	-9.727192e-006	1.023892e-005	1.006889e-005	-1.996511e-005
2.573012307995535e-006	-3.298183e-005	-1.463707e-005	-1.833623e-005	1.305417e-005	1.773110e-005	-9.997298e-006	-1.020558e-005	3.947154e-005	-3.688440e-004	6.417314e-004	-6.651480e-004	2.230303e-005	1.074276e-005	1.156064e-005	-1.074422e-005	-1.161365e-005	-3.367249e-010	-9.759582e-006	1.020618e-005	1.003709e-005	-1.996491e-005
2.577987085404812e-006	-3.282257e-005	-1.467811e-005	-1.813750e-005	1.305410e-005	1.772722e-005	-9.997885e-006	-1.014068e-005	3.997163e-005	-3.691828e-004	6.416167e-004	-6.652133e-004	2.229593e-005	1.072679e-005	1.156894e-005	-1.072651e-005	-1.159480e-005	-3.064654e-010	-9.823864e-006	1.014127e-005	9.974393e-006	-1.996457e-005
2.579230779757131e-006	-3.279104e-005	-1.468619e-005	-1.809830e-005	1.306225e-005	1.773636e-005	-9.998037e-006	-1.012481e-005	4.009476e-005	-3.692773e-004	6.416042e-004	-6.652465e-004	2.230822e-005	1.072971e-005	1.157817e-005	-1.072902e-005	-1.159743e-005	-2.974909e-010	-9.839607e-006	1.012539e-005	9.959153e-006	-1.996450e-005
2.581718168461770e-006	-3.274694e-005	-1.469737e-005	-1.804387e-005	1.309604e-005	1.777633e-005	-9.998344e-006	-1.009435e-005	4.033286e-005	-3.694842e-004	6.416145e-004	-6.653486e-004	2.236297e-005	1.075047e-005	1.161191e-005	-1.074903e-005	-1.161855e-005	-2.767268e-010	-9.869859e-006	1.009490e-005	9.930114e-006	-1.996442e-005
2.586692945871047e-006	-3.270652e-005	-1.470722e-005	-1.799534e-005	1.320165e-005	1.790345e-005	-9.998944e-006	-1.003921e-005	4.076794e-005	-3.699214e-004	6.417170e-004	-6.656278e-004	2.253836e-005	1.082510e-005	1.171227e-005	-1.082237e-005	-1.169604e-005	-2.302405e-010	-9.924743e-006	1.003970e-005	9.878037e-006	-1.996436e-005
2.596642500689601e-006	-3.276806e-005	-1.468978e-005	-1.807754e-005	1.350658e-005	1.827407e-005	-1.000002e-005	-9.953957e-006	4.145040e-005	-3.707941e-004	6.421399e-004	-6.663593e-004	2.305261e-005	1.105857e-005	1.199252e-005	-1.105412e-005	-1.194096e-005	-1.295965e-010	-1.000996e-005	9.954296e-006	9.799048e-006	-1.996460e-005
2.610957837497489e-006	-3.303451e-005	-1.461845e-005	-1.841924e-005	1.404003e-005	1.892513e-005	-1.000131e-005	-9.871304e-006	4.212462e-005	-3.719672e-004	6.429913e-004	-6.675707e-004	2.395928e-005	1.148334e-005	1.247405e-005	-1.147764e-005	-1.238853e-005	1.644090e-011	-1.009316e-005	9.871398e-006	9.725011e-006	-1.996538e-005
2.613204317116722e-006	-3.309645e-005	-1.460205e-005	-1.849807e-005	1.413031e-005	1.903554e-005	-1.000146e-005	-9.864455e-006	4.218227e-005	-3.721271e-004	6.431471e-004	-6.677681e-004	2.411351e-005	1.155705e-005	1.255456e-005	-1.155133e-005	-1.246639e-005	3.769836e-011	-1.010017e-005	9.864509e-006	9.719366e-006	-1.996555e-005
2.613765937021530e-006	-3.311459e-005	-1.459726e-005	-1.852110e-005	1.415331e-005	1.906370e-005	-1.000149e-005	-9.863720e-006	4.218891e-005	-3.721623e-004	6.431884e-004	-6.678173e-004	2.415290e-005	1.157609e-005	1.257493e-005	-1.157040e-005	-1.248654e-005	4.267463e-011	-1.010096e-005	9.863764e-006	9.718901e-006	-1.996559e-005
2.614889176831146e-006	-3.315152e-005	-1.458754e-005	-1.856795e-005	1.419884e-005	1.911944e-005	-1.000155e-005	-9.862701e-006	4.219857e-005	-3.722295e-004	6.432708e-004	-6.679139e-004	2.423095e-005	1.161391e-005	1.261518e-005	-1.160827e-005	-1.252655e-005	5.238187e-011	-1.010208e-005	9.862726e-006	9.718402e-006	-1.996569e-005
2.617135656450379e-006	-3.322712e-005	-1.456766e-005	-1.866377e-005	1.428736e-005	1.922784e-005	-1.000165e-005	-9.862324e-006	4.220451e-005	-3.723511e-004	6.434334e-004	-6.681000e-004	2.438287e-005	1.168788e-005	1.269319e-005	-1.168240e-005	-1.260484e-005	7.028299e-011	-1.010268e-005	9.862311e-006	9.718980e-006	-1.996589e-005
2.621628615688843e-006	-3.338123e-005	-1.452719e-005	-1.885894e-005	1.445787e-005	1.943676e-005	-1.000180e-005	-9.865172e-006	4.218729e-005	-3.725656e-004	6.437522e-004	-6.684540e-004	2.467593e-005	1.183137e-005	1.284289e-005	-1.182628e-005	-1.275681e-005	1.029242e-010	-1.010028e-005	9.865090e-006	9.723541e-006	-1.996629e-005
2.622751855498460e-006	-3.342015e-005	-1.451698e-005	-1.890817e-005	1.449826e-005	1.948628e-005	-1.000182e-005	-9.866852e-006	4.217516e-005	-3.726107e-004	6.438293e-004	-6.685367e-004	2.474547e-005	1.186565e-005	1.287820e-005	-1.186067e-005	-1.279313e-005	1.101475e-010	-1.009872e-005	9.866753e-006	9.725592e-006	-1.996639e-005
2.624998335117692e-006	-3.349824e-005	-1.449653e-005	-1.900689e-005	1.457520e-005	1.958066e-005	-1.000186e-005	-9.871696e-006	4.213888e-005	-3.726876e-004	6.439788e-004	-6.686921e-004	2.487812e-005	1.193140e-005	1.294520e-005	-1.192669e-005	-1.286285e-005	1.230979e-010	-1.009411e-005	9.871567e-006	9.731088e-006	-1.996658e-005
2.625559955022500e-006	-3.351768e-005	-1.449144e-005	-1.903144e-005	1.459377e-005	1.960346e-005	-1.000187e-005	-9.873105e-006	4.212821e-005	-3.727048e-004	6.440153e-004	-6.687292e-004	2.491018e-005	1.194734e-005	1.296133e-005	-1.194271e-005	-1.287976e-005	1.260924e-010	-1.009276e-005	9.872970e-006	9.732647e-006	-1.996663e-005
2.626683194832116e-006	-3.355636e-005	-1.448132e-005	-1.908029e-005	1.462977e-005	1.964766e-005	-1.000188e-005	-9.876257e-006	4.210416e-005	-3.727359e-004	6.440865e-004	-6.688008e-004	2.497235e-005	1.197836e-005	1.299254e-005	-1.197388e-005	-1.291267e-005	1.316714e-010	-1.008973e-005	9.876107e-006	9.736073e-006	-1.996673e-005
2.626964004784521e-006	-3.356599e-005	-1.447881e-005	-1.909245e-005	1.463860e-005	1.965849e-005	-1.000188e-005	-9.877091e-006	4.209777e-005	-3.727431e-004	6.441041e-004	-6.688183e-004	2.498760e-005	1.198598e-005	1.300018e-005	-1.198153e-005	-1.292076e-005	1.330096e-010	-1.008892e-005	9.876939e-006	9.736973e-006	-1.996675e-005
2.627525624689329e-006	-3.358517e-005	-1.447379e-005	-1.911667e-005	1.465593e-005	1.967978e-005	-1.000188e-005	-9.878838e-006	4.208437e-005	-3.727568e-004	6.441388e-004	-6.688524e-004	2.501757e-005	1.200098e-005	1.301518e-005	-1.199662e-005	-1.293668e-005	1.355842e-010	-1.008724e-005	9.878679e-006	9.738844e-006	-1.996680e-005
2.627666029665531e-006	-3.358995e-005	-1.447254e-005	-1.912271e-005	1.466022e-005	1.968505e-005	-1.000188e-005	-9.879285e-006	4.208093e-005	-3.727601e-004	6.441474e-004	-6.688609e-004	2.502498e-005	1.200470e-005	1.301888e-005	-1.200035e-005	-1.294062e-005	1.362131e-010	-1.008681e-005	9.879124e-006	9.739322e-006	-1.996681e-005
2.627946839617935e-006	-3.359949e-005	-1.447005e-005	-1.913476e-005	1.466871e-005	1.969549e-005	-1.000188e-005	-9.880199e-006	4.207389e-005	-3.727665e-004	6.441645e-004	-6.688776e-004	2.503967e-005	1.201207e-005	1.302622e-005	-1.200776e-005	-1.294845e-005	1.374448e-010	-1.008592e-005	9.880035e-006	9.740294e-006	-1.996684e-005
2.628017042106036e-006	-3.360187e-005	-1.446942e-005	-1.913777e-005	1.467083e-005	1.969808e-005	-1.000188e-005	-9.880430e-006	4.207212e-005	-3.727681e-004	6.441688e-004	-6.688817e-004	2.504333e-005	1.201390e-005	1.302805e-005	-1.200960e-005	-1.295039e-005	1.377494e-010	-1.008570e-005	9.880265e-006	9.740540e-006	-1.996684e-005
2.628034592728061e-006	-3.360247e-005	-1.446927e-005	-1.913852e-005	1.467135e-005	1.969873e-005	-1.000188e-005	-9.880489e-006	4.207167e-005	-3.727684e-004	6.441699e-004	-6.688827e-004	2.504424e-005	1.201436e-005	1.302850e-005	-1.201006e-005	-1.295088e-005	1.378249e-010	-1.008564e-005	9.880323e-006	9.740602e-006	-1.996684e-005
2.628069693972112e-006	-3.360366e-005	-1.446896e-005	-1.914002e-005	1.467241e-005	1.970002e-005	-1.000188e-005	-9.880605e-006	4.207077e-005	-3.727692e-004	6.441720e-004	-6.688848e-004	2.504606e-005	1.201527e-005	1.302941e-005	-1.201098e-005	-1.295185e-005	1.379760e-010	-1.008553e-005	9.880439e-006	9.740726e-006	-1.996685e-005
2.628078469283124e-006	-3.360396e-005	-1.446888e-005	-1.914039e-005	1.467267e-005	1.970035e-005	-1.000188e-005	-9.880634e-006	4.207054e-005	-3.727694e-004	6.441725e-004	-6.688853e-004	2.504652e-005	1.201550e-005	1.302964e-005	-1.201121e-005	-1.295209e-005	1.380137e-010	-1.008550e-005	9.880468e-006	9.740756e-006	-1.996685e-005
2.628096019905150e-006	-3.360455e-005	-1.446873e-005	-1.914115e-005	1.467320e-005	1.970099e-005	-1.000188e-005	-9.880692e-006	4.207010e-005	-3.727698e-004	6.441735e-004	-6.688863e-004	2.504743e-005	1.201596e-005	1.303009e-005	-1.201167e-005	-1.295258e-005	1.380891e-010	-1.008544e-005	9.880527e-006	9.740819e-006	-1.996685e-005
2.628100407560656e-006	-3.360470e-005	-1.446869e-005	-1.914133e-005	1.467333e-005	1.970115e-005	-1.000188e-005	-9.880707e-006	4.206998e-005	-3.727699e-004	6.441738e-004	-6.688866e-004	2.504765e-005	1.201607e-005	1.303020e-005	-1.201179e-005	-1.295270e-005	1.381079e-010	-1.008543e-005	9.880541e-006	9.740835e-006	-1.996685e-005
2.628109182871668e-006	-3.360500e-005	-1.446861e-005	-1.914171e-005	1.467359e-005	1.970148e-005	-1.000188e-005	-9.880736e-006	4.206976e-005	-3.727701e-004	6.441743e-004	-6.688871e-004	2.504811e-005	1.201630e-005	1.303043e-005	-1.201201e-005	-1.295294e-005	1.381455e-010	-1.008540e-005	9.880570e-006	9.740866e-006	-1.996685e-005
2.628126733493694e-006	-3.360559e-005	-1.446845e-005	-1.914246e-005	1.467411e-005	1.970212e-005	-1.000188e-005	-9.880794e-006	4.206931e-005	-3.727705e-004	6.441754e-004	-6.688881e-004	2.504902e-005	1.201675e-005	1.303088e-005	-1.201247e-005	-1.295342e-005	1.382206e-010	-1.008534e-005	9.880629e-006	9.740927e-006	-1.996685e-005
2.628131121149200e-006	-3.360574e-005	-1.446841e-005	-1.914265e-005	1.467425e-005	1.970228e-005	-1.000188e-005	-9.880810e-006	4.206919e-005	-3.727706e-004	6.441757e-004	-6.688884e-004	2.504924e-005	1.201687e-005	1.303100e-005	-1.201259e-005	-1.295354e-005	1.382394e-010	-1.008533e-005	9.880643e-006	9.740943e-006	-1.996685e-005
2.628139896460213e-006	-3.360604e-005	-1.446834e-005	-1.914302e-005	1.467451e-005	1.970261e-005	-1.000188e-005	-9.880839e-006	4.206897e-005	-3.727708e-004	6.441762e-004	-6.688889e-004	2.504970e-005	1.201710e-005	1.303122e-005	-1.201282e-005	-1.295379e-005	1.382769e-010	-1.008530e-005	9.880672e-006	9.740974e-006	-1.996685e-005
2.628157447082238e-006	-3.360663e-005	-1.446818e-005	-1.914377e-005	1.467503e-005	1.970325e-005	-1.000188e-005	-9.880897e-006	4.206852e-005	-3.727711e-004	6.441773e-004	-6.688899e-004	2.505060e-005	1.201755e-005	1.303168e-005	-1.201328e-005	-1.295427e-005	1.383518e-010	-1.008524e-005	9.880730e-006	9.741037e-006	-1.996685e-005
2.628192548326289e-006	-3.360782e-005	-1.446787e-005	-1.914527e-005	1.467608e-005	1.970454e-005	-1.000188e-005	-9.881015e-006	4.206761e-005	-3.727719e-004	6.441794e-004	-6.688919e-004	2.505242e-005	1.201846e-005	1.303258e-005	-1.201419e-005	-1.295524e-005	1.385012e-010	-1.008513e-005	9.880848e-006	9.741161e-006	-1.996686e-005
2.628262750814390e-006	-3.361020e-005	-1.446725e-005	-1.914827e-005	1.467817e-005	1.970710e-005	-1.000188e-005	-9.881252e-006	4.206579e-005	-3.727734e-004	6.441836e-004	-6.688960e-004	2.505603e-005	1.202028e-005	1.303438e-005	-1.201602e-005	-1.295716e-005	1.387983e-010	-1.008490e-005	9.881083e-006	9.741412e-006	-1.996686e-005
2.628403155790592e-006	-3.361494e-005	-1.446601e-005	-1.915426e-005	1.468233e-005	1.971221e-005	-1.000188e-005	-9.881729e-006	4.206210e-005	-3.727764e-004	6.441920e-004	-6.689042e-004	2.506323e-005	1.202389e-005	1.303797e-005	-1.201965e-005	-1.296100e-005	1.393858e-010	-1.008444e-005	9.881560e-006	9.741918e-006	-1.996687e-005
2.628683965742996e-006	-3.362440e-005	-1.446354e-005	-1.916620e-005	1.469056e-005	1.972233e-005	-1.000188e-005	-9.882702e-006	4.205459e-005	-3.727821e-004	6.442087e-004	-6.689202e-004	2.507748e-005	1.203106e-005	1.304507e-005	-1.202686e-005	-1.296861e-005	1.405344e-010	-1.008349e-005	9.882529e-006	9.742946e-006	-1.996690e-005
2.629245585647804e-006	-3.364326e-005	-1.445861e-005	-1.919000e-005	1.470684e-005	1.974235e-005	-1.000188e-005	-9.884688e-006	4.203924e-005	-3.727930e-004	6.442419e-004	-6.689518e-004	2.510566e-005	1.204525e-005	1.305910e-005	-1.204113e-005	-1.298368e-005	1.427732e-010	-1.008157e-005	9.884509e-006	9.745037e-006	-1.996694e-005
2.629385990624006e-006	-3.364796e-005	-1.445739e-005	-1.919593e-005	1.471087e-005	1.974729e-005	-1.000188e-005	-9.885194e-006	4.203533e-005	-3.727956e-004	6.442501e-004	-6.689596e-004	2.511263e-005	1.204876e-005	1.306256e-005	-1.204466e-005	-1.298741e-005	1.433173e-010	-1.008108e-005	9.885014e-006	9.745569e-006	-1.996695e-005
2.629421091868056e-006	-3.364913e-005	-1.445708e-005	-1.919740e-005	1.471186e-005	1.974852e-005	-1.000188e-005	-9.885322e-006	4.203433e-005	-3.727962e-004	6.442521e-004	-6.689616e-004	2.511436e-005	1.204963e-005	1.306342e-005	-1.204554e-005	-1.298834e-005	1.434512e-010	-1.008095e-005	9.885142e-006	9.745703e-006	-1.996696e-005
2.629491294356157e-006	-3.365148e-005	-1.445647e-005	-1.920036e-005	1.471386e-005	1.975097e-005	-1.000188e-005	-9.885579e-006	4.203234e-005	-3.727975e-004	6.442562e-004	-6.689655e-004	2.511782e-005	1.205137e-005	1.306514e-005	-1.204729e-005	-1.299019e-005	1.437191e-010	-1.008070e-005	9.885399e-006	9.745972e-006	-1.996696e-005
2.629508844978183e-006	-3.365206e-005	-1.445631e-005	-1.920110e-005	1.471436e-005	1.975159e-005	-1.000188e-005	-9.885644e-006	4.203185e-005	-3.727978e-004	6.442572e-004	-6.689664e-004	2.511868e-005	1.205181e-005	1.306557e-005	-1.204773e-005	-1.299065e-005	1.437859e-010	-1.008064e-005	9.885463e-006	9.746041e-006	-1.996696e-005
2.629543946222233e-006	-3.365323e-005	-1.445601e-005	-1.920258e-005	1.471535e-005	1.975281e-005	-1.000188e-005	-9.885773e-006	4.203085e-005	-3.727984e-004	6.442592e-004	-6.689683e-004	2.512040e-005	1.205267e-005	1.306642e-005	-1.204860e-005	-1.299157e-005	1.439190e-010	-1.008051e-005	9.885592e-006	9.746175e-006	-1.996697e-005
2.629552721533246e-006	-3.365353e-005	-1.445593e-005	-1.920295e-005	1.471560e-005	1.975311e-005	-1.000188e-005	-9.885805e-006	4.203060e-005	-3.727986e-004	6.442597e-004	-6.689688e-004	2.512083e-005	1.205289e-005	1.306663e-005	-1.204882e-005	-1.299180e-005	1.439522e-010	-1.008048e-005	9.885624e-006	9.746210e-006	-1.996697e-005
2.629554915360999e-006	-3.365360e-005	-1.445591e-005	-1.920304e-005	1.471566e-005	1.975319e-005	-1.000188e-005	-9.885814e-006	4.203053e-005	-3.727986e-004	6.442599e-004	-6.689689e-004	2.512094e-005	1.205295e-005	1.306669e-005	-1.204888e-005	-1.299186e-005	1.439605e-010	-1.008048e-005	9.885632e-006	9.746218e-006	-1.996697e-005
2.629555463817937e-006	-3.365362e-005	-1.445591e-005	-1.920306e-005	1.471568e-005	1.975321e-005	-1.000188e-005	-9.885815e-006	4.203052e-005	-3.727986e-004	6.442599e-004	-6.689689e-004	2.512097e-005	1.205296e-005	1.306670e-005	-1.204889e-005	-1.299187e-005	1.439626e-010	-1.008047e-005	9.885634e-006	9.746220e-006	-1.996697e-005
2.629556560731814e-006	-3.365365e-005	-1.445590e-005	-1.920311e-005	1.471571e-005	1.975325e-005	-1.000188e-005	-9.885819e-006	4.203049e-005	-3.727986e-004	6.442600e-004	-6.689690e-004	2.512102e-005	1.205299e-005	1.306673e-005	-1.204892e-005	-1.299190e-005	1.439667e-010	-1.008047e-005	9.885638e-006	9.746224e-006	-1.996697e-005
2.629558754559567e-006	-3.365373e-005	-1.445588e-005	-1.920320e-005	1.471577e-005	1.975332e-005	-1.000188e-005	-9.885827e-006	4.203042e-005	-3.727987e-004	6.442601e-004	-6.689691e-004	2.512113e-005	1.205304e-005	1.306678e-005	-1.204897e-005	-1.299196e-005	1.439750e-010	-1.008046e-005	9.885646e-006	9.746233e-006	-1.996697e-005
2.629563142215073e-006	-3.365387e-005	-1.445584e-005	-1.920338e-005	1.471589e-005	1.975348e-005	-1.000188e-005	-9.885844e-006	4.203030e-005	-3.727988e-004	6.442603e-004	-6.689694e-004	2.512134e-005	1.205315e-005	1.306689e-005	-1.204908e-005	-1.299207e-005	1.439916e-010	-1.008045e-005	9.885662e-006	9.746250e-006	-1.996697e-005
2.629564239128950e-006	-3.365391e-005	-1.445583e-005	-1.920343e-005	1.471592e-005	1.975351e-005	-1.000188e-005	-9.885847e-006	4.203027e-005	-3.727988e-004	6.442604e-004	-6.689694e-004	2.512140e-005	1.205318e-005	1.306691e-005	-1.204911e-005	-1.299210e-005	1.439957e-010	-1.008044e-005	9.885666e-006	9.746254e-006	-1.996697e-005
2.629566432956703e-006	-3.365398e-005	-1.445581e-005	-1.920352e-005	1.471599e-005	1.975359e-005	-1.000188e-005	-9.885855e-006	4.203021e-005	-3.727988e-004	6.442606e-004	-6.689695e-004	2.512150e-005	1.205323e-005	1.306697e-005	-1.204916e-005	-1.299216e-005	1.440040e-010	-1.008043e-005	9.885674e-006	9.746263e-006	-1.996697e-005
2.629570820612209e-006	-3.365413e-005	-1.445577e-005	-1.920371e-005	1.471611e-005	1.975374e-005	-1.000188e-005	-9.885872e-006	4.203008e-005	-3.727989e-004	6.442608e-004	-6.689698e-004	2.512172e-005	1.205334e-005	1.306707e-005	-1.204927e-005	-1.299228e-005	1.440206e-010	-1.008042e-005	9.885690e-006	9.746279e-006	-1.996697e-005
2.629579595923222e-006	-3.365442e-005	-1.445570e-005	-1.920408e-005	1.471636e-005	1.975405e-005	-1.000188e-005	-9.885905e-006	4.202983e-005	-3.727991e-004	6.442613e-004	-6.689703e-004	2.512215e-005	1.205356e-005	1.306729e-005	-1.204949e-005	-1.299251e-005	1.440536e-010	-1.008039e-005	9.885723e-006	9.746313e-006	-1.996697e-005
2.629597146545247e-006	-3.365501e-005	-1.445555e-005	-1.920481e-005	1.471685e-005	1.975466e-005	-1.000188e-005	-9.885969e-006	4.202933e-005	-3.727994e-004	6.442623e-004	-6.689712e-004	2.512300e-005	1.205399e-005	1.306771e-005	-1.204993e-005	-1.299297e-005	1.441197e-010	-1.008032e-005	9.885787e-006	9.746381e-006	-1.996697e-005
2.629632247789298e-006	-3.365618e-005	-1.445524e-005	-1.920629e-005	1.471784e-005	1.975587e-005	-1.000188e-005	-9.886099e-006	4.202832e-005	-3.728000e-004	6.442643e-004	-6.689731e-004	2.512472e-005	1.205485e-005	1.306856e-005	-1.205080e-005	-1.299389e-005	1.442513e-010	-1.008020e-005	9.885916e-006	9.746517e-006	-1.996697e-005
2.629702450277399e-006	-3.365851e-005	-1.445463e-005	-1.920924e-005	1.471982e-005	1.975830e-005	-1.000188e-005	-9.886360e-006	4.202630e-005	-3.728012e-004	6.442684e-004	-6.689769e-004	2.512814e-005	1.205658e-005	1.307026e-005	-1.205253e-005	-1.299572e-005	1.445128e-010	-1.007994e-005	9.886176e-006	9.746791e-006	-1.996698e-005
2.629842855253601e-006	-3.366317e-005	-1.445341e-005	-1.921512e-005	1.472375e-005	1.976313e-005	-1.000188e-005	-9.886886e-006	4.202222e-005	-3.728036e-004	6.442764e-004	-6.689845e-004	2.513495e-005	1.206002e-005	1.307364e-005	-1.205599e-005	-1.299937e-005	1.450290e-010	-1.007943e-005	9.886701e-006	9.747340e-006	-1.996699e-005
2.630123665206005e-006	-3.367247e-005	-1.445098e-005	-1.922685e-005	1.473151e-005	1.977269e-005	-1.000187e-005	-9.887955e-006	4.201393e-005	-3.728081e-004	6.442924e-004	-6.689994e-004	2.514841e-005	1.206682e-005	1.308031e-005	-1.206284e-005	-1.300660e-005	1.460349e-010	-1.007839e-005	9.887768e-006	9.748455e-006	-1.996701e-005
2.630685285110813e-006	-3.369099e-005	-1.444615e-005	-1.925020e-005	1.474686e-005	1.979157e-005	-1.000187e-005	-9.890129e-006	4.199706e-005	-3.728168e-004	6.443241e-004	-6.690289e-004	2.517502e-005	1.208028e-005	1.309349e-005	-1.207639e-005	-1.302090e-005	1.479882e-010	-1.007628e-005	9.889936e-006	9.750720e-006	-1.996706e-005
2.630825690087015e-006	-3.369560e-005	-1.444495e-005	-1.925601e-005	1.475064e-005	1.979622e-005	-1.000187e-005	-9.890683e-006	4.199276e-005	-3.728188e-004	6.443320e-004	-6.690361e-004	2.518158e-005	1.208360e-005	1.309674e-005	-1.207973e-005	-1.302443e-005	1.484602e-010	-1.007574e-005	9.890489e-006	9.751296e-006	-1.996707e-005
2.631106500039419e-006	-3.370476e-005	-1.444256e-005	-1.926757e-005	1.475808e-005	1.980537e-005	-1.000187e-005	-9.891814e-006	4.198397e-005	-3.728225e-004	6.443475e-004	-6.690503e-004	2.519449e-005	1.209015e-005	1.310311e-005	-1.208632e-005	-1.303139e-005	1.493677e-010	-1.007464e-005	9.891617e-006	9.752467e-006	-1.996709e-005
2.631668119944227e-006	-3.372294e-005	-1.443781e-005	-1.929049e-005	1.477261e-005	1.982326e-005	-1.000186e-005	-9.894136e-006	4.196589e-005	-3.728292e-004	6.443779e-004	-6.690778e-004	2.521970e-005	1.210297e-005	1.311554e-005	-1.209923e-005	-1.304502e-005	1.510815e-010	-1.007237e-005	9.893934e-006	9.754866e-006	-1.996713e-005
2.632791359753843e-006	-3.375862e-005	-1.442851e-005	-1.933546e-005	1.480021e-005	1.985726e-005	-1.000184e-005	-9.899015e-006	4.192786e-005	-3.728394e-004	6.444364e-004	-6.691295e-004	2.526767e-005	1.212745e-005	1.313909e-005	-1.212389e-005	-1.307105e-005	1.540946e-010	-1.006761e-005	9.898803e-006	9.759874e-006	-1.996722e-005
2.635037839373076e-006	-3.382687e-005	-1.441074e-005	-1.942139e-005	1.484943e-005	1.991801e-005	-1.000180e-005	-9.909578e-006	4.184526e-005	-3.728473e-004	6.445437e-004	-6.692192e-004	2.535345e-005	1.217164e-005	1.318080e-005	-1.216845e-005	-1.311810e-005	1.585033e-010	-1.005726e-005	9.909350e-006	9.770609e-006	-1.996738e-005
2.639530798611541e-006	-3.394820e-005	-1.437919e-005	-1.957397e-005	1.492369e-005	2.001009e-005	-1.000166e-005	-9.932955e-006	4.166183e-005	-3.728184e-004	6.447171e-004	-6.693447e-004	2.548374e-005	1.224038e-005	1.324262e-005	-1.223795e-005	-1.319147e-005	1.612959e-010	-1.003428e-005	9.932704e-006	9.794005e-006	-1.996765e-005
2.648516717088471e-006	-3.412079e-005	-1.433453e-005	-1.979022e-005	1.498376e-005	2.008649e-005	-1.000127e-005	-9.981948e-006	4.127642e-005	-3.726312e-004	6.449042e-004	-6.694072e-004	2.559275e-005	1.230423e-005	1.328824e-005	-1.230323e-005	-1.326042e-005	1.481739e-010	-9.985877e-006	9.981691e-006	9.842048e-006	-1.996801e-005
2.666488554042331e-006	-3.424608e-005	-1.430273e-005	-1.994486e-005	1.488899e-005	1.997607e-005	-1.000039e-005	-1.006573e-005	4.061540e-005	-3.720499e-004	6.448581e-004	-6.690994e-004	2.543988e-005	1.224728e-005	1.319300e-005	-1.224835e-005	-1.320258e-005	8.720165e-011	-9.902616e-006	1.006554e-005	9.922137e-006	-1.996818e-005
2.689729974483252e-006	-3.415481e-005	-1.432763e-005	-1.982566e-005	1.457088e-005	1.959216e-005	-9.999384e-006	-1.014027e-005	4.002378e-005	-3.712230e-004	6.443812e-004	-6.683345e-004	2.490208e-005	1.199963e-005	1.290327e-005	-1.200213e-005	-1.294280e-005	-1.205472e-011	-9.827976e-006	1.014023e-005	9.990902e-006	-1.996783e-005
2.692994031951545e-006	-3.411676e-005	-1.433768e-005	-1.977726e-005	1.451528e-005	1.952444e-005	-9.999290e-006	-1.014447e-005	3.998933e-005	-3.711259e-004	6.442836e-004	-6.682120e-004	2.480704e-005	1.195397e-005	1.285390e-005	-1.195647e-005	-1.289461e-005	-2.484543e-011	-9.823673e-006	1.014446e-005	9.994379e-006	-1.996773e-005
2.699522146888133e-006	-3.401759e-005	-1.436369e-005	-1.965178e-005	1.441015e-005	1.939555e-005	-9.999215e-006	-1.014164e-005	4.000793e-005	-3.709998e-004	6.440808e-004	-6.679929e-004	2.462604e-005	1.186474e-005	1.276203e-005	-1.186699e-005	-1.280011e-005	-4.357991e-011	-9.826224e-006	1.014168e-005	9.990511e-006	-1.996750e-005
2.712578376761307e-006	-3.382396e-005	-1.441436e-005	-1.940724e-005	1.423387e-005	1.917863e-005	-9.999188e-006	-1.012596e-005	4.012398e-005	-3.708460e-004	6.437220e-004	-6.676380e-004	2.432131e-005	1.171232e-005	1.260946e-005	-1.171382e-005	-1.263835e-005	-6.975868e-011	-9.841348e-006	1.012605e-005	9.973430e-006	-1.996705e-005
2.714930349982891e-006	-3.379200e-005	-1.442270e-005	-1.936697e-005	1.421002e-005	1.914912e-005	-9.999207e-006	-1.012151e-005	4.015773e-005	-3.708375e-004	6.436695e-004	-6.675926e-004	2.427981e-005	1.169110e-005	1.258913e-005	-1.169243e-005	-1.261575e-005	-7.216357e-011	-9.845695e-006	1.012161e-005	9.968870e-006	-1.996698e-005
2.719634296426059e-006	-3.373806e-005	-1.443673e-005	-1.929918e-005	1.418039e-005	1.911209e-005	-9.999281e-006	-1.011023e-005	4.024444e-005	-3.708577e-004	6.435944e-004	-6.675426e-004	2.422761e-005	1.166324e-005	1.256467e-005	-1.166422e-005	-1.258594e-005	-7.232995e-011	-9.856794e-006	1.011034e-005	9.957638e-006	-1.996686e-005
2.729042189312393e-006	-3.366432e-005	-1.445580e-005	-1.920686e-005	1.416091e-005	1.908680e-005	-9.999473e-006	-1.008732e-005	4.042230e-005	-3.709537e-004	6.435184e-004	-6.675269e-004	2.419151e-005	1.164086e-005	1.255074e-005	-1.164119e-005	-1.256158e-005	-6.482762e-011	-9.879441e-006	1.008744e-005	9.935275e-006	-1.996671e-005
2.747857975085062e-006	-3.359241e-005	-1.447413e-005	-1.911783e-005	1.419975e-005	1.913177e-005	-9.999906e-006	-1.004443e-005	4.075869e-005	-3.712357e-004	6.435173e-004	-6.676561e-004	2.425332e-005	1.166220e-005	1.259085e-005	-1.166145e-005	-1.258292e-005	-3.617591e-011	-9.922041e-006	1.004451e-005	9.894206e-006	-1.996659e-005
2.751849330736563e-006	-3.359377e-005	-1.447367e-005	-1.911990e-005	1.422168e-005	1.915822e-005	-9.999994e-006	-1.003720e-005	4.081599e-005	-3.713040e-004	6.435459e-004	-6.677102e-004	2.429017e-005	1.167871e-005	1.261115e-005	-1.167780e-005	-1.260018e-005	-2.832832e-011	-9.929256e-006	1.003727e-005	9.887453e-006	-1.996660e-005
2.759832042039563e-006	-3.362563e-005	-1.446518e-005	-1.916069e-005	1.428279e-005	1.923255e-005	-1.000014e-005	-1.002848e-005	4.088642e-005	-3.714334e-004	6.436447e-004	-6.678482e-004	2.439413e-005	1.172769e-005	1.266609e-005	-1.172666e-005	-1.265178e-005	-1.206041e-011	-9.938049e-006	1.002852e-005	9.879675e-006	-1.996669e-005
2.775797464645565e-006	-3.371336e-005	-1.444207e-005	-1.927207e-005	1.439675e-005	1.937183e-005	-1.000029e-005	-1.002378e-005	4.092698e-005	-3.716120e-004	6.438479e-004	-6.680919e-004	2.458934e-005	1.182211e-005	1.276693e-005	-1.182116e-005	-1.275157e-005	1.253545e-011	-9.942987e-006	1.002378e-005	9.876355e-006	-1.996692e-005
2.796589775676509e-006	-3.382257e-005	-1.441352e-005	-1.940991e-005	1.449225e-005	1.948939e-005	-1.000029e-005	-1.003437e-005	4.084699e-005	-3.716831e-004	6.440415e-004	-6.682784e-004	2.475462e-005	1.190512e-005	1.284936e-005	-1.190463e-005	-1.283972e-005	2.586957e-011	-9.932736e-006	1.003433e-005	9.887622e-006	-1.996718e-005
2.822139781266183e-006	-3.389147e-005	-1.439570e-005	-1.949619e-005	1.450978e-005	1.951220e-005	-1.000011e-005	-1.005615e-005	4.067688e-005	-3.715892e-004	6.441083e-004	-6.682876e-004	2.478728e-005	1.192565e-005	1.286170e-005	-1.192578e-005	-1.286208e-005	1.839078e-011	-9.911197e-006	1.005611e-005	9.908877e-006	-1.996732e-005
2.849098998795578e-006	-3.388291e-005	-1.439819e-005	-1.948448e-005	1.444828e-005	1.943808e-005	-9.999879e-006	-1.007437e-005	4.053238e-005	-3.714087e-004	6.440223e-004	-6.681355e-004	2.468374e-005	1.187881e-005	1.280512e-005	-1.187932e-005	-1.281304e-005	-2.535742e-012	-9.892990e-006	1.007436e-005	9.925842e-006	-1.996727e-005
2.855202514420578e-006	-3.386851e-005	-1.440200e-005	-1.946611e-005	1.442732e-005	1.941252e-005	-9.999844e-006	-1.007590e-005	4.051973e-005	-3.713724e-004	6.439855e-004	-6.680894e-004	2.464790e-005	1.186159e-005	1.278648e-005	-1.186209e-005	-1.279486e-005	-7.367053e-012	-9.891418e-006	1.007590e-005	9.927101e-006	-1.996723e-005
2.856728393326828e-006	-3.386361e-005	-1.440328e-005	-1.945991e-005	1.442187e-005	1.940585e-005	-9.999840e-006	-1.007583e-005	4.052008e-005	-3.713655e-004	6.439752e-004	-6.680781e-004	2.463854e-005	1.185699e-005	1.278171e-005	-1.185749e-005	-1.278999e-005	-8.411323e-012	-9.891470e-006	1.007584e-005	9.926976e-006	-1.996722e-005
2.859780151139328e-006	-3.385377e-005	-1.440586e-005	-1.944745e-005	1.441171e-005	1.939339e-005	-9.999832e-006	-1.007543e-005	4.052286e-005	-3.713540e-004	6.439555e-004	-6.680571e-004	2.462103e-005	1.184834e-005	1.277284e-005	-1.184881e-005	-1.278083e-005	-1.021993e-011	-9.891838e-006	1.007544e-005	9.926483e-006	-1.996719e-005
2.865883666764328e-006	-3.383497e-005	-1.441078e-005	-1.942371e-005	1.439469e-005	1.937244e-005	-9.999830e-006	-1.007383e-005	4.053479e-005	-3.713396e-004	6.439210e-004	-6.680230e-004	2.459160e-005	1.183361e-005	1.275812e-005	-1.183401e-005	-1.276520e-005	-1.273302e-011	-9.893380e-006	1.007385e-005	9.924755e-006	-1.996715e-005
2.878090698014328e-006	-3.380557e-005	-1.441844e-005	-1.938671e-005	1.437496e-005	1.934798e-005	-9.999856e-006	-1.006891e-005	4.057267e-005	-3.713395e-004	6.438757e-004	-6.679869e-004	2.455714e-005	1.181573e-005	1.274148e-005	-1.181596e-005	-1.274613e-005	-1.412305e-011	-9.898214e-006	1.006893e-005	9.919776e-006	-1.996708e-005
2.902504760514328e-006	-3.376937e-005	-1.442779e-005	-1.934141e-005	1.436597e-005	1.933625e-005	-9.999952e-006	-1.005744e-005	4.066201e-005	-3.713889e-004	6.438392e-004	-6.679809e-004	2.454036e-005	1.180513e-005	1.273519e-005	-1.180503e-005	-1.273458e-005	-1.017925e-011	-9.909550e-006	1.005747e-005	9.908590e-006	-1.996701e-005
2.908546146181656e-006	-3.376738e-005	-1.442828e-005	-1.933901e-005	1.437062e-005	1.934179e-005	-9.999980e-006	-1.005499e-005	4.068133e-005	-3.714084e-004	6.438438e-004	-6.679934e-004	2.454806e-005	1.180839e-005	1.273962e-005	-1.180823e-005	-1.273795e-005	-8.055502e-012	-9.911990e-006	1.005501e-005	9.906270e-006	-1.996701e-005
2.920628917516313e-006	-3.377603e-005	-1.442598e-005	-1.935009e-005	1.438850e-005	1.936352e-005	-1.000002e-005	-1.005217e-005	4.070401e-005	-3.714476e-004	6.438722e-004	-6.680341e-004	2.457846e-005	1.182266e-005	1.275574e-005	-1.182246e-005	-1.275297e-005	-3.171517e-012	-9.914832e-006	1.005218e-005	9.903731e-006	-1.996703e-005
2.944794460185626e-006	-3.379980e-005	-1.441973e-005	-1.938022e-005	1.441680e-005	1.939815e-005	-1.000006e-005	-1.005180e-005	4.070780e-005	-3.714876e-004	6.439241e-004	-6.680937e-004	2.462704e-005	1.184634e-005	1.278066e-005	-1.184618e-005	-1.277802e-005	2.518061e-012	-9.915268e-006	1.005180e-005	9.903678e-006	-1.996709e-005
2.986758037090932e-006	-3.382525e-005	-1.441311e-005	-1.941223e-005	1.443159e-005	1.941657e-005	-1.000002e-005	-1.005690e-005	4.066838e-005	-3.714801e-004	6.439595e-004	-6.681181e-004	2.465304e-005	1.186011e-005	1.279293e-005	-1.186012e-005	-1.279274e-005	2.852529e-012	-9.910254e-006	1.005689e-005	9.908767e-006	-1.996715e-005
3.030711900155643e-006	-3.382173e-005	-1.441407e-005	-1.940762e-005	1.441871e-005	1.940100e-005	-9.999981e-006	-1.006003e-005	4.064350e-005	-3.714459e-004	6.439402e-004	-6.680870e-004	2.463128e-005	1.185012e-005	1.278118e-005	-1.185019e-005	-1.278226e-005	-1.208840e-012	-9.907125e-006	1.006003e-005	9.911654e-006	-1.996714e-005
3.079540025155643e-006	-3.380816e-005	-1.441762e-005	-1.939050e-005	1.440825e-005	1.938807e-005	-9.999987e-006	-1.005822e-005	4.065728e-005	-3.714415e-004	6.439175e-004	-6.680669e-004	2.461308e-005	1.184084e-005	1.277224e-005	-1.184084e-005	-1.277239e-005	-2.342569e-012	-9.908887e-006	1.005823e-005	9.909796e-006	-1.996710e-005
3.128368150155643e-006	-3.380999e-005	-1.441711e-005	-1.939291e-005	1.441540e-005	1.939672e-005	-1.000001e-005	-1.005643e-005	4.067150e-005	-3.714608e-004	6.439278e-004	-6.680839e-004	2.462517e-005	1.184638e-005	1.277878e-005	-1.184634e-005	-1.277819e-005	-5.924739e-014	-9.910675e-006	1.005643e-005	9.908142e-006	-1.996711e-005
3.177196275155644e-006	-3.381737e-005	-1.441519e-005	-1.940221e-005	1.442081e-005	1.940341e-005	-1.000001e-005	-1.005751e-005	4.066323e-005	-3.714623e-004	6.439395e-004	-6.680939e-004	2.463458e-005	1.185120e-005	1.278338e-005	-1.185121e-005	-1.278333e-005	4.549067e-013	-9.909619e-006	1.005751e-005	9.909243e-006	-1.996713e-005
3.226024400155644e-006	-3.381583e-005	-1.441560e-005	-1.940021e-005	1.441625e-005	1.939789e-005	-9.999992e-006	-1.005849e-005	4.065538e-005	-3.714509e-004	6.439326e-004	-6.680831e-004	2.462687e-005	1.184764e-005	1.277924e-005	-1.184766e-005	-1.277959e-005	-9.211638e-013	-9.908632e-006	1.005849e-005	9.910146e-006	-1.996712e-005
3.274852525155644e-006	-3.381159e-005	-1.441671e-005	-1.939486e-005	1.441336e-005	1.939431e-005	-9.999996e-006	-1.005780e-005	4.066074e-005	-3.714507e-004	6.439260e-004	-6.680778e-004	2.462182e-005	1.184502e-005	1.277680e-005	-1.184502e-005	-1.277680e-005	-1.136607e-012	-9.909316e-006	1.005780e-005	9.909441e-006	-1.996712e-005
3.323680650155644e-006	-3.381276e-005	-1.441639e-005	-1.939638e-005	1.441622e-005	1.939778e-005	-1.000000e-005	-1.005726e-005	4.066502e-005	-3.714574e-004	6.439305e-004	-6.680845e-004	2.462668e-005	1.184729e-005	1.277939e-005	-1.184727e-005	-1.277918e-005	-3.132323e-013	-9.909853e-006	1.005726e-005	9.908954e-006	-1.996712e-005
3.372508775155644e-006	-3.381518e-005	-1.441576e-005	-1.939943e-005	1.441774e-005	1.939967e-005	-1.000000e-005	-1.005771e-005	4.066160e-005	-3.714571e-004	6.439341e-004	-6.680872e-004	2.462934e-005	1.184868e-005	1.278066e-005	-1.184869e-005	-1.278067e-005	-2.384082e-013	-9.909417e-006	1.005771e-005	9.909400e-006	-1.996712e-005
3.421336900155644e-006	-3.381434e-005	-1.441599e-005	-1.939834e-005	1.441596e-005	1.939751e-005	-9.999998e-006	-1.005799e-005	4.065930e-005	-3.714532e-004	6.439312e-004	-6.680830e-004	2.462631e-005	1.184726e-005	1.277905e-005	-1.184727e-005	-1.277918e-005	-7.278848e-013	-9.909128e-006	1.005799e-005	9.909659e-006	-1.996712e-005
3.470165025155644e-006	-3.381297e-005	-1.441635e-005	-1.939662e-005	1.441518e-005	1.939653e-005	-1.000000e-005	-1.005771e-005	4.066146e-005	-3.714536e-004	6.439293e-004	-6.680817e-004	2.462494e-005	1.184653e-005	1.277841e-005	-1.184653e-005	-1.277839e-005	-7.409152e-013	-9.909403e-006	1.005772e-005	9.909380e-006	-1.996712e-005
3.567821275155645e-006	-3.381432e-005	-1.441599e-005	-1.939834e-005	1.441667e-005	1.939835e-005	-1.000000e-005	-1.005774e-005	4.066133e-005	-3.714555e-004	6.439321e-004	-6.680848e-004	2.462750e-005	1.184779e-005	1.277971e-005	-1.184779e-005	-1.277972e-005	-4.625680e-013	-9.909384e-006	1.005774e-005	9.909418e-006	-1.996712e-005
3.665477525155645e-006	-3.381350e-005	-1.441620e-005	-1.939730e-005	1.441581e-005	1.939730e-005	-1.000000e-005	-1.005771e-005	4.066153e-005	-3.714545e-004	6.439304e-004	-6.680831e-004	2.462602e-005	1.184706e-005	1.277896e-005	-1.184706e-005	-1.277895e-005	-6.150336e-013	-9.909411e-006	1.005771e-005	9.909380e-006	-1.996712e-005
3.714305650155645e-006	-3.381385e-005	-1.441611e-005	-1.939774e-005	1.441641e-005	1.939803e-005	-1.000000e-005	-1.005764e-005	4.066210e-005	-3.714557e-004	6.439314e-004	-6.680844e-004	2.462704e-005	1.184754e-005	1.277950e-005	-1.184754e-005	-1.277946e-005	-4.612277e-013	-9.909482e-006	1.005764e-005	9.909319e-006	-1.996712e-005
3.720409165780645e-006	-3.381393e-005	-1.441609e-005	-1.939784e-005	1.441648e-005	1.939811e-005	-1.000000e-005	-1.005765e-005	4.066202e-005	-3.714557e-004	6.439316e-004	-6.680845e-004	2.462715e-005	1.184760e-005	1.277955e-005	-1.184760e-005	-1.277952e-005	-4.543596e-013	-9.909472e-006	1.005765e-005	9.909329e-006	-1.996712e-005
3.732616197030645e-006	-3.381405e-005	-1.441606e-005	-1.939799e-005	1.441649e-005	1.939813e-005	-1.000000e-005	-1.005769e-005	4.066169e-005	-3.714555e-004	6.439317e-004	-6.680845e-004	2.462718e-005	1.184762e-005	1.277956e-005	-1.184762e-005	-1.277955e-005	-4.747334e-013	-9.909430e-006	1.005769e-005	9.909370e-006	-1.996712e-005
3.757030259530645e-006	-3.381410e-005	-1.441605e-005	-1.939806e-005	1.441635e-005	1.939797e-005	-1.000000e-005	-1.005776e-005	4.066114e-005	-3.714550e-004	6.439316e-004	-6.680841e-004	2.462696e-005	1.184753e-005	1.277943e-005	-1.184753e-005	-1.277945e-005	-5.354337e-013	-9.909361e-006	1.005776e-005	9.909436e-006	-1.996712e-005
3.775340806405645e-006	-3.381397e-005	-1.441608e-005	-1.939789e-005	1.441617e-005	1.939774e-005	-1.000000e-005	-1.005777e-005	4.066103e-005	-3.714546e-004	6.439312e-004	-6.680837e-004	2.462664e-005	1.184737e-005	1.277926e-005	-1.184738e-005	-1.277929e-005	-5.783080e-013	-9.909348e-006	1.005777e-005	9.909447e-006	-1.996712e-005
3.799754868905645e-006	-3.381381e-005	-1.441612e-005	-1.939769e-005	1.441603e-005	1.939758e-005	-1.000000e-005	-1.005775e-005	4.066117e-005	-3.714545e-004	6.439309e-004	-6.680834e-004	2.462641e-005	1.184726e-005	1.277915e-005	-1.184726e-005	-1.277916e-005	-5.948406e-013	-9.909365e-006	1.005776e-005	9.909429e-006	-1.996712e-005
3.848582993905645e-006	-3.381373e-005	-1.441614e-005	-1.939759e-005	1.441606e-005	1.939760e-005	-1.000000e-005	-1.005771e-005	4.066149e-005	-3.714548e-004	6.439309e-004	-6.680836e-004	2.462644e-005	1.184727e-005	1.277918e-005	-1.184727e-005	-1.277917e-005	-5.702577e-013	-9.909405e-006	1.005771e-005	9.909390e-006	-1.996712e-005
3.897411118905644e-006	-3.381381e-005	-1.441612e-005	-1.939769e-005	1.441616e-005	1.939773e-005	-1.000000e-005	-1.005771e-005	4.066152e-005	-3.714550e-004	6.439311e-004	-6.680838e-004	2.462662e-005	1.184735e-005	1.277927e-005	-1.184735e-005	-1.277926e-005	-5.479959e-013	-9.909410e-006	1.005771e-005	9.909387e-006	-1.996712e-005
3.946239243905644e-006	-3.381389e-005	-1.441610e-005	-1.939778e-005	1.441617e-005	1.939774e-005	-1.000000e-005	-1.005774e-005	4.066131e-005	-3.714548e-004	6.439312e-004	-6.680838e-004	2.462664e-005	1.184737e-005	1.277927e-005	-1.184737e-005	-1.277928e-005	-5.592820e-013	-9.909384e-006	1.005774e-005	9.909411e-006	-1.996712e-005
3.952342759530644e-006	-3.381388e-005	-1.441611e-005	-1.939777e-005	1.441616e-005	1.939773e-005	-1.000000e-005	-1.005774e-005	4.066129e-005	-3.714548e-004	6.439311e-004	-6.680837e-004	2.462662e-005	1.184736e-005	1.277926e-005	-1.184736e-005	-1.277927e-005	-5.635305e-013	-9.909381e-006	1.005774e-005	9.909414e-006	-1.996712e-005
3.953868638436894e-006	-3.381387e-005	-1.441611e-005	-1.939777e-005	1.441615e-005	1.939772e-005	-1.000000e-005	-1.005774e-005	4.066129e-005	-3.714548e-004	6.439311e-004	-6.680837e-004	2.462661e-005	1.184735e-005	1.277925e-005	-1.184735e-005	-1.277926e-005	-5.647391e-013	-9.909380e-006	1.005774e-005	9.909414e-006	-1.996712e-005
3.956920396249394e-006	-3.381387e-005	-1.441611e-005	-1.939776e-005	1.441614e-005	1.939771e-005	-1.000000e-005	-1.005774e-005	4.066129e-005	-3.714548e-004	6.439311e-004	-6.680837e-004	2.462659e-005	1.184734e-005	1.277925e-005	-1.184734e-005	-1.277925e-005	-5.669311e-013	-9.909380e-006	1.005774e-005	9.909414e-006	-1.996712e-005
3.963023911874394e-006	-3.381385e-005	-1.441611e-005	-1.939773e-005	1.441612e-005	1.939768e-005	-1.000000e-005	-1.005774e-005	4.066129e-005	-3.714547e-004	6.439310e-004	-6.680837e-004	2.462656e-005	1.184733e-005	1.277923e-005	-1.184733e-005	-1.277924e-005	-5.703635e-013	-9.909381e-006	1.005774e-005	9.909414e-006	-1.996712e-005
3.975230943124394e-006	-3.381382e-005	-1.441612e-005	-1.939769e-005	1.441609e-005	1.939765e-005	-1.000000e-005	-1.005773e-005	4.066132e-005	-3.714547e-004	6.439310e-004	-6.680836e-004	2.462651e-005	1.184730e-005	1.277921e-005	-1.184730e-005	-1.277921e-005	-5.735461e-013	-9.909385e-006	1.005774e-005	9.909410e-006	-1.996712e-005
3.999645005624394e-006	-3.381377e-005	-1.441613e-005	-1.939764e-005	1.441607e-005	1.939762e-005	-1.000000e-005	-1.005772e-005	4.066140e-005	-3.714547e-004	6.439309e-004	-6.680836e-004	2.462647e-005	1.184728e-005	1.277919e-005	-1.184728e-005	-1.277919e-005	-5.726023e-013	-9.909395e-006	1.005773e-005	9.909400e-006	-1.996712e-005
4.017955552499395e-006	-3.381377e-005	-1.441613e-005	-1.939764e-005	1.441609e-005	1.939764e-005	-1.000000e-005	-1.005772e-005	4.066145e-005	-3.714548e-004	6.439310e-004	-6.680836e-004	2.462650e-005	1.184729e-005	1.277920e-005	-1.184729e-005	-1.277920e-005	-5.660814e-013	-9.909401e-006	1.005772e-005	9.909393e-006	-1.996712e-005
4.042369614999394e-006	-3.381379e-005	-1.441613e-005	-1.939766e-005	1.441612e-005	1.939769e-005	-1.000000e-005	-1.005772e-005	4.066148e-005	-3.714549e-004	6.439310e-004	-6.680837e-004	2.462656e-005	1.184732e-005	1.277924e-005	-1.184732e-005	-1.277923e-005	-5.576483e-013	-9.909405e-006	1.005772e-005	9.909390e-006	-1.996712e-005
4.048473130624395e-006	-3.381380e-005	-1.441613e-005	-1.939767e-005	1.441613e-005	1.939770e-005	-1.000000e-005	-1.005772e-005	4.066148e-005	-3.714549e-004	6.439310e-004	-6.680837e-004	2.462657e-005	1.184733e-005	1.277924e-005	-1.184733e-005	-1.277924e-005	-5.562986e-013	-9.909405e-006	1.005772e-005	9.909390e-006	-1.996712e-005
4.060680161874395e-006	-3.381381e-005	-1.441612e-005	-1.939769e-005	1.441614e-005	1.939771e-005	-1.000000e-005	-1.005772e-005	4.066146e-005	-3.714549e-004	6.439310e-004	-6.680837e-004	2.462659e-005	1.184734e-005	1.277925e-005	-1.184734e-005	-1.277925e-005	-5.556468e-013	-9.909403e-006	1.005772e-005	9.909393e-006	-1.996712e-005
4.085094224374395e-006	-3.381382e-005	-1.441612e-005	-1.939770e-005	1.441614e-005	1.939771e-005	-1.000000e-005	-1.005772e-005	4.066143e-005	-3.714549e-004	6.439311e-004	-6.680837e-004	2.462659e-005	1.184734e-005	1.277925e-005	-1.184734e-005	-1.277925e-005	-5.573768e-013	-9.909399e-006	1.005772e-005	9.909397e-006	-1.996712e-005
4.133922349374395e-006	-3.381382e-005	-1.441612e-005	-1.939769e-005	1.441612e-005	1.939769e-005	-1.000000e-005	-1.005772e-005	4.066141e-005	-3.714548e-004	6.439310e-004	-6.680837e-004	2.462656e-005	1.184733e-005	1.277923e-005	-1.184733e-005	-1.277924e-005	-5.621249e-013	-9.909396e-006	1.005772e-005	9.909400e-006	-1.996712e-005
4.182750474374394e-006	-3.381380e-005	-1.441613e-005	-1.939767e-005	1.441611e-005	1.939767e-005	-1.000000e-005	-1.005772e-005	4.066142e-005	-3.714548e-004	6.439310e-004	-6.680837e-004	2.462654e-005	1.184731e-005	1.277922e-005	-1.184731e-005	-1.277922e-005	-5.635426e-013	-9.909398e-006	1.005772e-005	9.909398e-006	-1.996712e-005
4.188853989999394e-006	-3.381380e-005	-1.441613e-005	-1.939767e-005	1.441611e-005	1.939767e-005	-1.000000e-005	-1.005772e-005	4.066143e-005	-3.714548e-004	6.439310e-004	-6.680837e-004	2.462654e-005	1.184732e-005	1.277922e-005	-1.184732e-005	-1.277922e-005	-5.631449e-013	-9.909399e-006	1.005772e-005	9.909397e-006	-1.996712e-005
4.190379868905644e-006	-3.381380e-005	-1.441613e-005	-1.939767e-005	1.441611e-005	1.939767e-005	-1.000000e-005	-1.005772e-005	4.066143e-005	-3.714548e-004	6.439310e-004	-6.680837e-004	2.462654e-005	1.184732e-005	1.277922e-005	-1.184732e-005	-1.277922e-005	-5.629667e-013	-9.909399e-006	1.005772e-005	9.909397e-006	-1.996712e-005
4.193431626718144e-006	-3.381380e-005	-1.441613e-005	-1.939767e-005	1.441611e-005	1.939767e-005	-1.000000e-005	-1.005772e-005	4.066143e-005	-3.714548e-004	6.439310e-004	-6.680837e-004	2.462654e-005	1.184732e-005	1.277923e-005	-1.184732e-005	-1.277923e-005	-5.626123e-013	-9.909399e-006	1.005772e-005	9.909397e-006	-1.996712e-005
4.199535142343144e-006	-3.381380e-005	-1.441613e-005	-1.939767e-005	1.441612e-005	1.939768e-005	-1.000000e-005	-1.005772e-005	4.066144e-005	-3.714548e-004	6.439310e-004	-6.680837e-004	2.462655e-005	1.184732e-005	1.277923e-005	-1.184732e-005	-1.277923e-005	-5.619451e-013	-9.909400e-006	1.005772e-005	9.909396e-006	-1.996712e-005
4.211742173593144e-006	-3.381380e-005	-1.441612e-005	-1.939768e-005	1.441612e-005	1.939768e-005	-1.000000e-005	-1.005772e-005	4.066144e-005	-3.714549e-004	6.439310e-004	-6.680837e-004	2.462656e-005	1.184732e-005	1.277923e-005	-1.184732e-005	-1.277923e-005	-5.609296e-013	-9.909400e-006	1.005772e-005	9.909396e-006	-1.996712e-005
4.236156236093144e-006	-3.381381e-005	-1.441612e-005	-1.939768e-005	1.441613e-005	1.939769e-005	-1.000000e-005	-1.005772e-005	4.066143e-005	-3.714549e-004	6.439310e-004	-6.680837e-004	2.462656e-005	1.184733e-005	1.277924e-005	-1.184733e-005	-1.277924e-005	-5.601963e-013	-9.909399e-006	1.005772e-005	9.909397e-006	-1.996712e-005
4.284984361093144e-006	-3.381381e-005	-1.441612e-005	-1.939769e-005	1.441613e-005	1.939769e-005	-1.000000e-005	-1.005772e-005	4.066142e-005	-3.714548e-004	6.439310e-004	-6.680837e-004	2.462656e-005	1.184733e-005	1.277924e-005	-1.184733e-005	-1.277924e-005	-5.609695e-013	-9.909398e-006	1.005772e-005	9.909398e-006	-1.996712e-005
4.333812486093144e-006	-3.381381e-005	-1.441612e-005	-1.939769e-005	1.441612e-005	1.939768e-005	-1.000000e-005	-1.005772e-005	4.066142e-005	-3.714548e-004	6.439310e-004	-6.680837e-004	2.462656e-005	1.184732e-005	1.277923e-005	-1.184732e-005	-1.277923e-005	-5.618255e-013	-9.909398e-006	1.005772e-005	9.909398e-006	-1.996712e-005
1.839631248609317e-005	-3.381381e-005	-1.441612e-005	-1.939769e-005	1.441612e-005	1.939769e-005	-1.000000e-005	-1.005772e-005	4.066142e-005	-3.714548e-004	6.439310e-004	-6.680837e-004	2.462656e-005	1.184733e-005	1.277923e-005	-1.184733e-005	-1.277923e-005	-5.613572e-013	-9.909398e-006	1.005772e-005	9.909398e-006	-1.996712e-005
3.304474998609359e-005	-3.381381e-005	-1.441612e-005	-1.939769e-005	1.441612e-005	1.939769e-005	-1.000000e-005	-1.005772e-005	4.066142e-005	-3.714548e-004	6.439310e-004	-6.680837e-004	2.462656e-005	1.184733e-005	1.277923e-005	-1.184733e-005	-1.277923e-005	-5.613572e-013	-9.909398e-006	1.005772e-005	9.909398e-006	-1.996712e-005
4.769318748609400e-005	-3.381381e-005	-1.441612e-005	-1.939769e-005	1.441612e-005	1.939769e-005	-1.000000e-005	-1.005772e-005	4.066142e-005	-3.714548e-004	6.439310e-004	-6.680837e-004	2.462656e-005	1.184733e-005	1.277923e-005	-1.184733e-005	-1.277923e-005	-5.613572e-013	-9.909398e-006	1.005772e-005	9.909398e-006	-1.996712e-005
4.993928123609407e-005	-3.381381e-005	-1.441612e-005	-1.939769e-005	1.441612e-005	1.939769e-005	-1.000000e-005	-1.005772e-005	4.066142e-005	-3.714548e-004	6.439310e-004	-6.680837e-004	2.462656e-005	1.184733e-005	1.277923e-005	-1.184733e-005	-1.277923e-005	-5.613572e-013	-9.909398e-006	1.005772e-005	9.909398e-006	-1.996712e-005
4.998810936109407e-005	-3.381381e-005	-1.441612e-005	-1.939769e-005	1.441612e-005	1.939769e-005	-1.000000e-005	-1.005772e-005	4.066142e-005	-3.714548e-004	6.439310e-004	-6.680837e-004	2.462656e-005	1.184733e-005	1.277923e-005	-1.184733e-005	-1.277923e-005	-5.613572e-013	-9.909398e-006	1.005772e-005	9.909398e-006	-1.996712e-005
5.000000000000000e-005	-3.381381e-005	-1.441612e-005	-1.939769e-005	1.441612e-005	1.939769e-005	-1.000000e-005	-1.005772e-005	4.066142e-005	-3.714548e-004	6.439310e-004	-6.680837e-004	2.462656e-005	1.184733e-005	1.277923e-005	-1.184733e-005	-1.277923e-005	-5.613572e-013	-9.909398e-006	1.005772e-005	9.909398e-006	-1.996712e-005
