time	V(cmirror)	V(p001)	V(p002)	V(vdd)	V(n001)	V(n002)	V(n003)	V(n004)	V(n005)	V(n006)	V(n007)	V(n008)	V(n009)	V(n010)
0.000000000000000e+000	3.113045349452962e+000	0.000000000000000e+000	0.000000000000000e+000	5.000000000000000e+000	3.193165928750869e+000	3.193165928750869e+000	3.193165928750869e+000	1.006282787424593e+000	1.999980000199998e+000	2.000000000000000e+000	2.000000000000000e+000	1.999980000199998e+000	3.110500000000000e+000	8.266592875086880e-001
2.929687403590252e-014	3.113045349452435e+000	0.000000000000000e+000	0.000000000000000e+000	5.000000000000000e+000	3.193165928746795e+000	3.193165928746795e+000	3.193165928746795e+000	1.006282787200193e+000	1.999980000199998e+000	2.000000000000000e+000	2.000000000000000e+000	1.999980000199998e+000	3.110500000000000e+000	8.266592874679509e-001
5.859374807180504e-014	3.113045349451532e+000	0.000000000000000e+000	0.000000000000000e+000	5.000000000000000e+000	3.193165928739812e+000	3.193165928739812e+000	3.193165928739812e+000	1.006282786964942e+000	1.999980000199998e+000	2.000000000000000e+000	2.000000000000000e+000	1.999980000199998e+000	3.110500000000000e+000	8.266592873981228e-001
1.171874961436101e-013	3.113045349448003e+000	0.000000000000000e+000	0.000000000000000e+000	5.000000000000000e+000	3.193165928712493e+000	3.193165928712493e+000	3.193165928712493e+000	1.006282786445518e+000	1.999980000199998e+000	2.000000000000000e+000	2.000000000000000e+000	1.999980000199998e+000	3.110500000000000e+000	8.266592871249281e-001
2.343749922872201e-013	3.113045349432125e+000	0.000000000000000e+000	0.000000000000000e+000	5.000000000000000e+000	3.193165928589210e+000	3.193165928589210e+000	3.193165928589210e+000	1.006282785164625e+000	1.999980000199998e+000	2.000000000000000e+000	2.000000000000000e+000	1.999980000199998e+000	3.110500000000000e+000	8.266592858920958e-001
4.687499845744403e-013	3.113045349345080e+000	0.000000000000000e+000	0.000000000000000e+000	5.000000000000000e+000	3.193165927909676e+000	3.193165927909676e+000	3.193165927909676e+000	1.006282781178871e+000	1.999980000199998e+000	2.000000000000000e+000	2.000000000000000e+000	1.999980000199998e+000	3.110500000000000e+000	8.266592790967605e-001
9.374999691488806e-013	3.113045348558859e+000	0.000000000000000e+000	0.000000000000000e+000	5.000000000000000e+000	3.193165921710555e+000	3.193165921710556e+000	3.193165921710556e+000	1.006282759037177e+000	1.999980000199998e+000	2.000000000000000e+000	2.000000000000000e+000	1.999980000199998e+000	3.110500000000000e+000	8.266592171055531e-001
1.874999938297761e-012	3.113045366188359e+000	0.000000000000000e+000	0.000000000000000e+000	5.000000000000000e+000	3.193166062983736e+000	3.193166062983737e+000	3.193166062983737e+000	1.006283093444980e+000	1.999980000199998e+000	2.000000000000000e+000	2.000000000000000e+000	1.999980000199998e+000	3.110500000000000e+000	8.266606298373638e-001
3.749999876595522e-012	3.113045333917811e+000	0.000000000000000e+000	0.000000000000000e+000	5.000000000000000e+000	3.193165798627005e+000	3.193165798627005e+000	3.193165798627005e+000	1.006282670347009e+000	1.999980000199998e+000	2.000000000000000e+000	2.000000000000000e+000	1.999980000199998e+000	3.110500000000000e+000	8.266579862700525e-001
7.499999753191045e-012	3.113045311012868e+000	0.000000000000000e+000	0.000000000000000e+000	5.000000000000000e+000	3.193165617753963e+000	3.193165617753963e+000	3.193165617753963e+000	1.006282108240884e+000	1.999980000199998e+000	2.000000000000000e+000	2.000000000000000e+000	1.999980000199998e+000	3.110500000000000e+000	8.266561775396271e-001
1.499999950638209e-011	3.113045426165258e+000	0.000000000000000e+000	0.000000000000000e+000	5.000000000000000e+000	3.193166550520655e+000	3.193166550520655e+000	3.193166550520655e+000	1.006283929321368e+000	1.999980000199998e+000	2.000000000000000e+000	2.000000000000000e+000	1.999980000199998e+000	3.110500000000000e+000	8.266655052065424e-001
2.999999901276418e-011	3.113045276196678e+000	0.000000000000000e+000	0.000000000000000e+000	5.000000000000000e+000	3.193165327400624e+000	3.193165327400624e+000	3.193165327400624e+000	1.006281766204093e+000	1.999980000199998e+000	2.000000000000000e+000	2.000000000000000e+000	1.999980000199998e+000	3.110500000000000e+000	8.266532740062356e-001
5.999999802552836e-011	3.113045399580289e+000	0.000000000000000e+000	0.000000000000000e+000	5.000000000000000e+000	3.193166332955423e+000	3.193166332955423e+000	3.193166332955423e+000	1.006283472914090e+000	1.999980000199998e+000	2.000000000000000e+000	2.000000000000000e+000	1.999980000199998e+000	3.110500000000000e+000	8.266633295542284e-001
1.199999960510567e-010	3.113045319891720e+000	0.000000000000000e+000	0.000000000000000e+000	5.000000000000000e+000	3.193165680855329e+000	3.193165680855329e+000	3.193165680855329e+000	1.006282389513598e+000	1.999980000199998e+000	2.000000000000000e+000	2.000000000000000e+000	1.999980000199998e+000	3.110500000000000e+000	8.266568085532909e-001
2.399999921021134e-010	3.113045365463429e+000	0.000000000000000e+000	0.000000000000000e+000	5.000000000000000e+000	3.193166052840728e+000	3.193166052840728e+000	3.193166052840728e+000	1.006283002224391e+000	1.999980000199998e+000	2.000000000000000e+000	2.000000000000000e+000	1.999980000199998e+000	3.110500000000000e+000	8.266605284072794e-001
4.799999842042269e-010	3.113045341112506e+000	0.000000000000000e+000	0.000000000000000e+000	5.000000000000000e+000	3.193165853639234e+000	3.193165853639234e+000	3.193165853639234e+000	1.006282676157280e+000	1.999980000199998e+000	2.000000000000000e+000	2.000000000000000e+000	1.999980000199998e+000	3.110500000000000e+000	8.266585363923427e-001
9.599999684084537e-010	3.113045353710030e+000	0.000000000000000e+000	0.000000000000000e+000	5.000000000000000e+000	3.193165956556990e+000	3.193165956556990e+000	3.193165956556991e+000	1.006282844434193e+000	1.999980000199998e+000	2.000000000000000e+000	2.000000000000000e+000	1.999980000199998e+000	3.110500000000000e+000	8.266595655699032e-001
1.919999936816907e-009	3.113045347303904e+000	0.000000000000000e+000	0.000000000000000e+000	5.000000000000000e+000	3.193165904147887e+000	3.193165904147887e+000	3.193165904147887e+000	1.006282758963654e+000	1.999980000199998e+000	2.000000000000000e+000	2.000000000000000e+000	1.999980000199998e+000	3.110500000000000e+000	8.266590414788735e-001
3.839999873633815e-009	3.113045350197973e+000	0.000000000000000e+000	0.000000000000000e+000	5.000000000000000e+000	3.193165927791486e+000	3.193165927791486e+000	3.193165927791486e+000	1.006282797558639e+000	1.999980000199998e+000	2.000000000000000e+000	2.000000000000000e+000	1.999980000199998e+000	3.110500000000000e+000	8.266592779148633e-001
6.829312487363382e-008	3.113045349452719e+000	0.000000000000000e+000	0.000000000000000e+000	5.000000000000000e+000	3.193165921493537e+000	3.193165921493537e+000	3.193165921493537e+000	1.006282787652887e+000	1.999980000199998e+000	2.000000000000000e+000	2.000000000000000e+000	1.999980000199998e+000	3.110500000000000e+000	8.266592149353678e-001
7.122281237363381e-008	3.113044609790209e+000	0.000000000000000e+000	0.000000000000000e+000	5.000000000000000e+000	3.193159899440955e+000	3.193159899440955e+000	3.193159899440955e+000	1.006271999784045e+000	1.999980000199998e+000	2.000000000000000e+000	2.000000000000000e+000	1.999980000199998e+000	3.110500000000000e+000	8.265989944095448e-001
7.158902331113382e-008	3.113044794822525e+000	0.000000000000000e+000	0.000000000000000e+000	5.000000000000000e+000	3.193161406795191e+000	3.193161406795191e+000	3.193161406795191e+000	1.006274698149341e+000	1.999980000199998e+000	2.000000000000000e+000	2.000000000000000e+000	1.999980000199998e+000	3.110500000000000e+000	8.266140679519095e-001
7.232144518613381e-008	3.113045349442445e+000	0.000000000000000e+000	0.000000000000000e+000	5.000000000000000e+000	3.193165924083463e+000	3.193165924083463e+000	3.193165924083463e+000	1.006282787069712e+000	1.999980000199998e+000	2.000000000000000e+000	2.000000000000000e+000	1.999980000199998e+000	3.110500000000000e+000	8.266592408346245e-001
7.964566393613382e-008	3.113045349452949e+000	0.000000000000000e+000	0.000000000000000e+000	5.000000000000000e+000	3.193165924178353e+000	3.193165924178353e+000	3.193165924178353e+000	1.006282787211381e+000	1.999980000199998e+000	2.000000000000000e+000	2.000000000000000e+000	1.999980000199998e+000	3.110500000000000e+000	8.266592417835290e-001
8.294156237363382e-008	3.113045347431560e+000	0.000000000000000e+000	0.000000000000000e+000	5.000000000000000e+000	3.193165907714650e+000	3.193165907714650e+000	3.193165907714650e+000	1.006282760489565e+000	1.999980000199998e+000	2.000000000000000e+000	2.000000000000000e+000	1.999980000199998e+000	3.110500000000000e+000	8.266590771464957e-001
8.367398424863381e-008	3.113045349452871e+000	0.000000000000000e+000	0.000000000000000e+000	5.000000000000000e+000	3.193165924177397e+000	3.193165924177397e+000	3.193165924177397e+000	1.006282787210955e+000	1.999980000199998e+000	2.000000000000000e+000	2.000000000000000e+000	1.999980000199998e+000	3.110500000000000e+000	8.266592417739710e-001
1.245065037798838e-007	3.113045349452962e+000	0.000000000000000e+000	0.000000000000000e+000	5.000000000000000e+000	3.193165924177697e+000	3.193165924177697e+000	3.193165924177697e+000	1.006282787211546e+000	1.999980000199998e+000	2.000000000000000e+000	2.000000000000000e+000	1.999980000199998e+000	3.110500000000000e+000	8.266592417769640e-001
1.247811619830088e-007	3.113045349452962e+000	0.000000000000000e+000	0.000000000000000e+000	5.000000000000000e+000	3.193165924177696e+000	3.193165924177697e+000	3.193165924177697e+000	1.006282787211546e+000	1.999980000199998e+000	2.000000000000000e+000	2.000000000000000e+000	1.999980000199998e+000	3.110500000000000e+000	8.266592417769642e-001
1.249184910845713e-007	3.113045349452962e+000	0.000000000000000e+000	0.000000000000000e+000	5.000000000000000e+000	3.193165924177696e+000	3.193165924177697e+000	3.193165924177697e+000	1.006282787211546e+000	1.999980000199998e+000	2.000000000000000e+000	2.000000000000000e+000	1.999980000199998e+000	3.110500000000000e+000	8.266592417769642e-001
1.251015965533213e-007	3.113045349452962e+000	0.000000000000000e+000	0.000000000000000e+000	5.000000000000000e+000	3.193165924177696e+000	3.193165924177697e+000	3.193165924177697e+000	1.006282787211546e+000	1.999980000199998e+000	2.000000000000000e+000	2.000000000000000e+000	1.999980000199998e+000	3.110500000000000e+000	8.266592417769642e-001
1.262002293658213e-007	3.113045349452962e+000	0.000000000000000e+000	0.000000000000000e+000	5.000000000000000e+000	3.193165924177696e+000	3.193165924177697e+000	3.193165924177697e+000	1.006282787211546e+000	1.999980000199998e+000	2.000000000000000e+000	2.000000000000000e+000	1.999980000199998e+000	3.110500000000000e+000	8.266592417769642e-001
7.718301121783213e-007	3.113045349452962e+000	0.000000000000000e+000	0.000000000000000e+000	5.000000000000000e+000	3.193165924177697e+000	3.193165924177697e+000	3.193165924177697e+000	1.006282787211546e+000	1.999980000199998e+000	2.000000000000000e+000	2.000000000000000e+000	1.999980000199998e+000	3.110500000000000e+000	8.266592417769642e-001
1.000000000000000e-006	3.113045349452962e+000	0.000000000000000e+000	0.000000000000000e+000	5.000000000000000e+000	3.193165924177697e+000	3.193165924177697e+000	3.193165924177697e+000	1.006282787211546e+000	1.999980000199998e+000	2.000000000000000e+000	2.000000000000000e+000	1.999980000199998e+000	3.110500000000000e+000	8.266592417769642e-001
1.000292968750000e-006	3.113045349477305e+000	5.859374999999294e-004	-5.859374999999294e-004	5.000000000000000e+000	3.182131319113151e+000	3.193165927131213e+000	3.204200535149276e+000	1.006282055763373e+000	1.999394062699998e+000	2.000000000000000e+000	2.000000000000000e+000	2.000565937699998e+000	3.110500000000000e+000	8.266592713121327e-001
1.000878906250000e-006	3.113045349528623e+000	1.757812500000071e-003	-1.757812500000071e-003	5.000000000000000e+000	3.158410487335032e+000	3.193165940561148e+000	3.227921393787264e+000	1.006277635516625e+000	1.998222187699998e+000	2.000000000000000e+000	2.000000000000000e+000	2.001737812699998e+000	3.110500000000000e+000	8.266594056114758e-001
1.004394531250000e-006	3.113045349752584e+000	8.789062499999835e-003	-8.789062499999835e-003	5.000000000000000e+000	3.011840521568772e+000	3.193166188540499e+000	3.374491855512225e+000	1.006172360430594e+000	1.991190937699998e+000	2.000000000000000e+000	2.000000000000000e+000	2.008769062699998e+000	3.110500000000000e+000	8.266618854049832e-001
1.007324218750000e-006	3.113049163923687e+000	1.464843750000011e-002	-1.464843750000011e-002	5.000000000000000e+000	2.890044607227316e+000	3.193165559315639e+000	3.496286511403961e+000	1.006014611535147e+000	1.985331562699998e+000	2.000000000000000e+000	2.000000000000000e+000	2.014628437699998e+000	3.110500000000000e+000	8.266555931563867e-001
1.010253906250000e-006	3.113062683430102e+000	2.050781250000000e-002	-2.050781250000000e-002	5.000000000000000e+000	2.773674648238200e+000	3.193146362546488e+000	3.612618076854775e+000	1.006050035600902e+000	1.979472187699998e+000	2.000000000000000e+000	2.000000000000000e+000	2.020487812699998e+000	3.110500000000000e+000	8.264636254648781e-001
1.013183593750000e-006	3.113076400977708e+000	2.636718750000000e-002	-2.636718750000000e-002	5.000000000000000e+000	2.671468777722434e+000	3.193079625825958e+000	3.714690473929482e+000	1.006711668331741e+000	1.973612812699998e+000	2.000000000000000e+000	2.000000000000000e+000	2.026347187699998e+000	3.110500000000000e+000	8.257962582595758e-001
1.019042968750000e-006	3.113084885747080e+000	3.808593750000000e-002	-3.808593750000000e-002	5.000000000000000e+000	2.510177328476571e+000	3.192805087566182e+000	3.875432846655794e+000	1.009997343902163e+000	1.961894062699999e+000	2.000000000000000e+000	2.000000000000000e+000	2.038065937699998e+000	3.110500000000000e+000	8.230508756618199e-001
1.027832031250000e-006	3.113086515676167e+000	5.566406250000000e-002	-5.566406250000000e-002	5.000000000000000e+000	2.324529368603810e+000	3.192217393713388e+000	4.059905418822968e+000	1.017492154118574e+000	1.944315937699999e+000	2.000000000000000e+000	2.000000000000000e+000	2.055644062699997e+000	3.110500000000000e+000	8.171739371338869e-001
1.036621093750000e-006	3.113085096832364e+000	7.324218750000000e-002	-7.324218750000000e-002	5.000000000000000e+000	2.174389208759723e+000	3.191533116148752e+000	4.208677023537781e+000	1.026601175481227e+000	1.926737812699999e+000	2.000000000000000e+000	2.000000000000000e+000	2.073222187699997e+000	3.110500000000000e+000	8.103311614875193e-001
1.038713727678572e-006	3.113084587638357e+000	7.742745535714286e-002	-7.742745535714286e-002	5.000000000000000e+000	2.142415979021306e+000	3.191361450405970e+000	4.240306921790634e+000	1.028941540417339e+000	1.922552544842856e+000	2.000000000000000e+000	2.000000000000000e+000	2.077407455557140e+000	3.110500000000000e+000	8.086145040596966e-001
1.040806361607143e-006	3.113084057564667e+000	8.161272321428537e-002	-8.161272321428537e-002	5.000000000000000e+000	2.111423697508400e+000	3.191188537958799e+000	4.270953378409198e+000	1.031327004299814e+000	1.918367276985714e+000	2.000000000000000e+000	2.000000000000000e+000	2.081592723414282e+000	3.110500000000000e+000	8.068853795879876e-001
1.042898995535714e-006	3.113083506611293e+000	8.579799107142835e-002	-8.579799107142835e-002	5.000000000000000e+000	2.081412364220999e+000	3.191014378807239e+000	4.300616393393480e+000	1.033757567128652e+000	1.914182009128571e+000	2.000000000000000e+000	2.000000000000000e+000	2.085777991271425e+000	3.110500000000000e+000	8.051437880723916e-001
1.044991629464286e-006	3.113082934778235e+000	8.998325892857097e-002	-8.998325892857097e-002	5.000000000000000e+000	2.052381979159108e+000	3.190838972951291e+000	4.329295966743475e+000	1.036233228903852e+000	1.909996741271428e+000	2.000000000000000e+000	2.000000000000000e+000	2.089963259128568e+000	3.110500000000000e+000	8.033897295129092e-001
1.047084263392857e-006	3.113082342065495e+000	9.416852678571407e-002	-9.416852678571407e-002	5.000000000000000e+000	2.024332542322722e+000	3.190662320390954e+000	4.356992098459187e+000	1.038753989625415e+000	1.905811473414285e+000	2.000000000000000e+000	2.000000000000000e+000	2.094148526985711e+000	3.110500000000000e+000	8.016232039095400e-001
1.049176897321429e-006	3.113081728473070e+000	9.835379464285679e-002	-9.835379464285679e-002	5.000000000000000e+000	1.997264053711846e+000	3.190484421126228e+000	4.383704788540611e+000	1.041319849293341e+000	1.901626205557143e+000	2.000000000000000e+000	2.000000000000000e+000	2.098333794842854e+000	3.110500000000000e+000	7.998442112622843e-001
1.051269531250000e-006	3.113081094000963e+000	1.025390625000000e-001	-1.025390625000000e-001	5.000000000000000e+000	1.971176513326475e+000	3.190305275157114e+000	4.409434036987754e+000	1.043930807907630e+000	1.897440937699999e+000	2.000000000000000e+000	2.000000000000000e+000	2.102519062699997e+000	3.110500000000000e+000	7.980527515711419e-001
1.054199218750000e-006	3.113080207829955e+000	1.083984375000000e-001	-1.083984375000000e-001	5.000000000000000e+000	1.935790042912906e+000	3.190055037230491e+000	4.444320031548076e+000	1.047639393746692e+000	1.891581562699999e+000	2.000000000000000e+000	2.000000000000000e+000	2.108378437699997e+000	3.110500000000000e+000	7.955503723049069e-001
1.057128906250000e-006	3.113079290269937e+000	1.142578124999999e-001	-1.142578124999999e-001	5.000000000000000e+000	1.901885815205202e+000	3.189804921327166e+000	4.477724027449130e+000	1.051414569318644e+000	1.885722187700000e+000	2.000000000000000e+000	2.000000000000000e+000	2.114237812699997e+000	3.110500000000000e+000	7.930492132716591e-001
1.060058593750000e-006	3.113078382522101e+000	1.201171875000001e-001	-1.201171875000001e-001	5.000000000000000e+000	1.869379464119630e+000	3.189555455912179e+000	4.509731447704729e+000	1.055253230690583e+000	1.879862812699999e+000	2.000000000000000e+000	2.000000000000000e+000	2.120097187699997e+000	3.110500000000000e+000	7.905545591217930e-001
1.071777343750000e-006	3.113074689294970e+000	1.435546875000000e-001	-1.435546875000000e-001	5.000000000000000e+000	1.751939554491092e+000	3.188572474980211e+000	4.625205395469330e+000	1.071219682450148e+000	1.856425312700000e+000	2.000000000000000e+000	2.000000000000000e+000	2.143534687699996e+000	3.110500000000000e+000	7.807247498021084e-001
1.074707031250000e-006	3.113071319461324e+000	1.494140624999999e-001	-1.494140624999999e-001	5.000000000000000e+000	1.725250744802051e+000	3.188332387417634e+000	4.651414030033219e+000	1.075339687454464e+000	1.850565937700000e+000	2.000000000000000e+000	2.000000000000000e+000	2.149394062699996e+000	3.110500000000000e+000	7.783238741763446e-001
1.075073242187500e-006	3.113071807378998e+000	1.501464843750001e-001	-1.501464843750001e-001	5.000000000000000e+000	1.721992478219758e+000	3.188302459807238e+000	4.654612441394718e+000	1.075859848055992e+000	1.849833515825000e+000	2.000000000000000e+000	2.000000000000000e+000	2.150126484574996e+000	3.110500000000000e+000	7.780245980723812e-001
1.075805664062500e-006	3.113073402937179e+000	1.516113281249999e-001	-1.516113281249999e-001	5.000000000000000e+000	1.715599777227615e+000	3.188242892982068e+000	4.660886008736521e+000	1.076907256078318e+000	1.848368672075000e+000	2.000000000000000e+000	2.000000000000000e+000	2.151591328324996e+000	3.110500000000000e+000	7.774289298206749e-001
1.080200195312500e-006	3.113071068498384e+000	1.604003906249999e-001	-1.604003906249999e-001	5.000000000000000e+000	1.679186127276089e+000	3.187896959971591e+000	4.696607792667094e+000	1.083058259841164e+000	1.839579609575000e+000	2.000000000000000e+000	2.000000000000000e+000	2.160380390824996e+000	3.110500000000000e+000	7.739695997159120e-001
1.083129882812500e-006	3.113068245445582e+000	1.662597656250001e-001	-1.662597656250001e-001	5.000000000000000e+000	1.657420301560016e+000	3.187685505162937e+000	4.717950708765858e+000	1.086582499680807e+000	1.833720234575000e+000	2.000000000000000e+000	2.000000000000000e+000	2.166239765824996e+000	3.110500000000000e+000	7.718550516293650e-001
1.086059570312500e-006	3.113065695397403e+000	1.721191406250000e-001	-1.721191406250000e-001	5.000000000000000e+000	1.638182082633150e+000	3.187495300188757e+000	4.736808517744365e+000	1.089390449997844e+000	1.827860859575000e+000	2.000000000000000e+000	2.000000000000000e+000	2.172099140824996e+000	3.110500000000000e+000	7.699530018875724e-001
1.088989257812500e-006	3.113063746992142e+000	1.779785156250000e-001	-1.779785156250000e-001	5.000000000000000e+000	1.621036716589763e+000	3.187323163974385e+000	4.753609611359007e+000	1.091584273407182e+000	1.822001484575000e+000	2.000000000000000e+000	2.000000000000000e+000	2.177958515824996e+000	3.110500000000000e+000	7.682316397438492e-001
1.094848632812500e-006	3.113060917424468e+000	1.896972656250000e-001	-1.896972656250000e-001	5.000000000000000e+000	1.591296310845569e+000	3.187018695195294e+000	4.782741079545020e+000	1.094658013660534e+000	1.810282734575001e+000	2.000000000000000e+000	2.000000000000000e+000	2.189677265824995e+000	3.110500000000000e+000	7.651869519529451e-001
1.098144531250000e-006	3.113059802259691e+000	1.962890624999999e-001	-1.962890624999999e-001	5.000000000000000e+000	1.576815510404934e+000	3.186867259615056e+000	4.796919008825178e+000	1.095739724683031e+000	1.803690937700001e+000	2.000000000000000e+000	2.000000000000000e+000	2.196269062699995e+000	3.110500000000000e+000	7.636725961505561e-001
1.101440429687500e-006	3.113058791276343e+000	2.028808593750001e-001	-2.028808593750001e-001	5.000000000000000e+000	1.563157974191153e+000	3.186723342965804e+000	4.810288711740455e+000	1.096614610996409e+000	1.797099140825001e+000	2.000000000000000e+000	2.000000000000000e+000	2.202860859574995e+000	3.110500000000000e+000	7.622334296580406e-001
1.104736328125000e-006	3.113057884474425e+000	2.094726562499999e-001	-2.094726562499999e-001	5.000000000000000e+000	1.550323702204230e+000	3.186586945247540e+000	4.822850188290849e+000	1.097282672600669e+000	1.790507343950001e+000	2.000000000000000e+000	2.000000000000000e+000	2.209452656449995e+000	3.110500000000000e+000	7.608694524753989e-001
1.108032226562500e-006	3.113057081853937e+000	2.160644531250002e-001	-2.160644531250002e-001	5.000000000000000e+000	1.538312694444163e+000	3.186458066460264e+000	4.834603438476363e+000	1.097743909495809e+000	1.783915547075001e+000	2.000000000000000e+000	2.000000000000000e+000	2.216044453324995e+000	3.110500000000000e+000	7.595806646026306e-001
1.111328125000000e-006	3.113056383414879e+000	2.226562500000000e-001	-2.226562500000000e-001	5.000000000000000e+000	1.527124950910953e+000	3.186336706603974e+000	4.845548462296995e+000	1.097998321681831e+000	1.777323750200001e+000	2.000000000000000e+000	2.000000000000000e+000	2.222636250199995e+000	3.110500000000000e+000	7.583670660397361e-001
1.114624023437500e-006	3.113055789157251e+000	2.292480468750002e-001	-2.292480468750002e-001	5.000000000000000e+000	1.516760471604598e+000	3.186222865678672e+000	4.855685259752746e+000	1.098045909158734e+000	1.770731953325001e+000	2.000000000000000e+000	2.000000000000000e+000	2.229228047074995e+000	3.110500000000000e+000	7.572286567867151e-001
1.117919921875000e-006	3.113055299081052e+000	2.358398437500000e-001	-2.358398437500000e-001	5.000000000000000e+000	1.507219256525100e+000	3.186116543684357e+000	4.865013830843614e+000	1.097886671926518e+000	1.764140156450001e+000	2.000000000000000e+000	2.000000000000000e+000	2.235819843949995e+000	3.110500000000000e+000	7.561654368435677e-001
1.120849609375000e-006	3.113054842762193e+000	2.416992187499999e-001	-2.416992187499999e-001	5.000000000000000e+000	1.498805545854114e+000	3.186022894378889e+000	4.873240242903663e+000	1.097767961017120e+000	1.758280781450002e+000	2.000000000000000e+000	2.000000000000000e+000	2.241679218949995e+000	3.110500000000000e+000	7.552289437888838e-001
1.121490478515625e-006	3.113054768244955e+000	2.429809570312499e-001	-2.429809570312499e-001	5.000000000000000e+000	1.497024355614234e+000	3.186002968221227e+000	4.874981580828218e+000	1.097730828224675e+000	1.756999043168751e+000	2.000000000000000e+000	2.000000000000000e+000	2.242960957231245e+000	3.110500000000000e+000	7.550296822122629e-001
1.121856689453125e-006	3.113054714742139e+000	2.437133789062501e-001	-2.437133789062501e-001	5.000000000000000e+000	1.496022950915223e+000	3.185991739315934e+000	4.875960527716645e+000	1.097706645625213e+000	1.756266621293751e+000	2.000000000000000e+000	2.000000000000000e+000	2.243693379106245e+000	3.110500000000000e+000	7.549173931593387e-001
1.123897007533482e-006	3.113054440427272e+000	2.477940150669642e-001	-2.477940150669642e-001	5.000000000000000e+000	1.490591328393940e+000	3.185930578332261e+000	4.881269828270581e+000	1.097543902979858e+000	1.752185985133037e+000	2.000000000000000e+000	2.000000000000000e+000	2.247774015266959e+000	3.110500000000000e+000	7.543057833226051e-001
1.125937325613839e-006	3.113054176837930e+000	2.518746512276787e-001	-2.518746512276787e-001	5.000000000000000e+000	1.485296170532610e+000	3.185870743042456e+000	4.886445315552302e+000	1.097363564247493e+000	1.748105348972323e+000	2.000000000000000e+000	2.000000000000000e+000	2.251854651427673e+000	3.110500000000000e+000	7.537074304245570e-001
1.127977643694196e-006	3.113053923974113e+000	2.559552873883928e-001	-2.559552873883928e-001	5.000000000000000e+000	1.480137477331232e+000	3.185812233446520e+000	4.891486989561806e+000	1.097165629428118e+000	1.744024712811609e+000	2.000000000000000e+000	2.000000000000000e+000	2.255935287588387e+000	3.110500000000000e+000	7.531223344651943e-001
1.130017961774554e-006	3.113053681835821e+000	2.600359235491073e-001	-2.600359235491073e-001	5.000000000000000e+000	1.475115248789807e+000	3.185755049544452e+000	4.896394850299096e+000	1.096950098521734e+000	1.739944076650894e+000	2.000000000000000e+000	2.000000000000000e+000	2.260015923749102e+000	3.110500000000000e+000	7.525504954445170e-001
1.132058279854911e-006	3.113053450423056e+000	2.641165597098213e-001	-2.641165597098213e-001	5.000000000000000e+000	1.470229484908335e+000	3.185699191336253e+000	4.901168897764170e+000	1.096716971528340e+000	1.735863440490180e+000	2.000000000000000e+000	2.000000000000000e+000	2.264096559909816e+000	3.110500000000000e+000	7.519919133625251e-001
1.134098597935268e-006	3.113053229735815e+000	2.681971958705359e-001	-2.681971958705359e-001	5.000000000000000e+000	1.465480185686815e+000	3.185644658821922e+000	4.905809131957028e+000	1.096466248447936e+000	1.731782804329466e+000	2.000000000000000e+000	2.000000000000000e+000	2.268177196070530e+000	3.110500000000000e+000	7.514465882192187e-001
1.136138916015625e-006	3.113053019774100e+000	2.722778320312499e-001	-2.722778320312499e-001	5.000000000000000e+000	1.460867351125249e+000	3.185591452001460e+000	4.910315552877671e+000	1.096197929280523e+000	1.727702168168752e+000	2.000000000000000e+000	2.000000000000000e+000	2.272257832231244e+000	3.110500000000000e+000	7.509145200145978e-001
1.136299133300781e-006	3.113052993373485e+000	2.725982666015623e-001	-2.725982666015623e-001	5.000000000000000e+000	1.460512356449925e+000	3.185587347330500e+000	4.910662338211076e+000	1.096176621390177e+000	1.727381733598440e+000	2.000000000000000e+000	2.000000000000000e+000	2.272578266801557e+000	3.110500000000000e+000	7.508734733050048e-001
1.136390686035156e-006	3.113052981442469e+000	2.727813720703126e-001	-2.727813720703126e-001	5.000000000000000e+000	1.460310111699464e+000	3.185585007562926e+000	4.910859903426387e+000	1.096164406584677e+000	1.727198628129689e+000	2.000000000000000e+000	2.000000000000000e+000	2.272761372270307e+000	3.110500000000000e+000	7.508500756292582e-001
1.136573791503906e-006	3.113052962228754e+000	2.731475830078125e-001	-2.731475830078125e-001	5.000000000000000e+000	1.459906603064480e+000	3.185580337741266e+000	4.911254072418053e+000	1.096139911293986e+000	1.726832417192189e+000	2.000000000000000e+000	2.000000000000000e+000	2.273127583207807e+000	3.110500000000000e+000	7.508033774126608e-001
1.136940002441406e-006	3.113052924592247e+000	2.738800048828124e-001	-2.738800048828124e-001	5.000000000000000e+000	1.459103463035036e+000	3.185571036623349e+000	4.912038610211662e+000	1.096090660888810e+000	1.726099995317189e+000	2.000000000000000e+000	2.000000000000000e+000	2.273860005082807e+000	3.110500000000000e+000	7.507103662334913e-001
1.142066955566406e-006	3.113052418191535e+000	2.841339111328125e-001	-2.841339111328125e-001	5.000000000000000e+000	1.448320170189525e+000	3.185445430007272e+000	4.922570689825019e+000	1.095378983871949e+000	1.715846089067190e+000	2.000000000000000e+000	2.000000000000000e+000	2.284113911332807e+000	3.110500000000000e+000	7.494543000727149e-001
1.144996643066406e-006	3.113052147709372e+000	2.899932861328123e-001	-2.899932861328123e-001	5.000000000000000e+000	1.442411060397189e+000	3.185376198746633e+000	4.928341337096076e+000	1.094964691805800e+000	1.709986714067190e+000	2.000000000000000e+000	2.000000000000000e+000	2.289973286332806e+000	3.110500000000000e+000	7.487619874663241e-001
1.145637512207031e-006	3.113052083205175e+000	2.912750244140624e-001	-2.912750244140624e-001	5.000000000000000e+000	1.441154916866107e+000	3.185361424478814e+000	4.929567932091521e+000	1.094873753337001e+000	1.708704975785940e+000	2.000000000000000e+000	2.000000000000000e+000	2.291255024614056e+000	3.110500000000000e+000	7.486142447881369e-001
1.146003723144531e-006	3.113052048041014e+000	2.920074462890627e-001	-2.920074462890627e-001	5.000000000000000e+000	1.440447522510199e+000	3.185353087946409e+000	4.930258653382620e+000	1.094821858788143e+000	1.707972553910939e+000	2.000000000000000e+000	2.000000000000000e+000	2.291987446489056e+000	3.110500000000000e+000	7.485308794640935e-001
1.146736145019531e-006	3.113051981878528e+000	2.934722900390624e-001	-2.934722900390624e-001	5.000000000000000e+000	1.439046312040883e+000	3.185336553868415e+000	4.931626795695947e+000	1.094718354807197e+000	1.706507710160940e+000	2.000000000000000e+000	2.000000000000000e+000	2.293452290239056e+000	3.110500000000000e+000	7.483655386841485e-001
1.154060363769531e-006	3.113051337466617e+000	3.081207275390626e-001	-3.081207275390626e-001	5.000000000000000e+000	1.425805006153948e+000	3.185179175314282e+000	4.944553344474615e+000	1.093721340319611e+000	1.691859272660940e+000	2.000000000000000e+000	2.000000000000000e+000	2.308100727739056e+000	3.110500000000000e+000	7.467917531428134e-001
1.158611842564174e-006	3.113050962635741e+000	3.172236851283481e-001	-3.172236851283481e-001	5.000000000000000e+000	1.418218931165890e+000	3.185087916139156e+000	4.951956901112423e+000	1.093099125232007e+000	1.682756315071655e+000	2.000000000000000e+000	2.000000000000000e+000	2.317203685328341e+000	3.110500000000000e+000	7.458791613915623e-001
1.163163321358817e-006	3.113050581701013e+000	3.263266427176340e-001	-3.263266427176340e-001	5.000000000000000e+000	1.411148315067361e+000	3.185002333928278e+000	4.958856352789195e+000	1.092616131772145e+000	1.673653357482369e+000	2.000000000000000e+000	2.000000000000000e+000	2.326306642917627e+000	3.110500000000000e+000	7.450233392827772e-001
1.167714800153460e-006	3.113050194662432e+000	3.354296003069195e-001	-3.354296003069195e-001	5.000000000000000e+000	1.404593157858361e+000	3.184922428681646e+000	4.965251699504930e+000	1.092272359940026e+000	1.664550399893084e+000	2.000000000000000e+000	2.000000000000000e+000	2.335409600506913e+000	3.110500000000000e+000	7.442242868164584e-001
1.172266278948103e-006	3.113049801520000e+000	3.445325578962051e-001	-3.445325578962051e-001	5.000000000000000e+000	1.398553459538891e+000	3.184848200399260e+000	4.971142941259630e+000	1.092067809735650e+000	1.655447442303798e+000	2.000000000000000e+000	2.000000000000000e+000	2.344512558096198e+000	3.110500000000000e+000	7.434820039926057e-001
1.176817757742745e-006	3.113049402273716e+000	3.536355154854908e-001	-3.536355154854908e-001	5.000000000000000e+000	1.393029220108951e+000	3.184779649081122e+000	4.976530078053293e+000	1.092002481159017e+000	1.646344484714513e+000	2.000000000000000e+000	2.000000000000000e+000	2.353615515685483e+000	3.110500000000000e+000	7.427964908112190e-001
1.181369236537388e-006	3.113048996923581e+000	3.627384730747768e-001	-3.627384730747768e-001	5.000000000000000e+000	1.388020439568539e+000	3.184716774727230e+000	4.981413109885920e+000	1.092076374210126e+000	1.637241527125227e+000	2.000000000000000e+000	2.000000000000000e+000	2.362718473274769e+000	3.110500000000000e+000	7.421677472722985e-001
1.185920715332031e-006	3.113048585469593e+000	3.718414306640625e-001	-3.718414306640625e-001	5.000000000000000e+000	1.383527117917658e+000	3.184659577337584e+000	4.985792036757511e+000	1.092289488888979e+000	1.628138569535941e+000	2.000000000000000e+000	2.000000000000000e+000	2.371821430864055e+000	3.110500000000000e+000	7.415957733758442e-001
1.188850402832031e-006	3.113048297495334e+000	3.777008056640625e-001	-3.777008056640625e-001	5.000000000000000e+000	1.380945544570191e+000	3.184626467276261e+000	4.988307389982332e+000	1.092611592688727e+000	1.622279194535941e+000	2.000000000000000e+000	2.000000000000000e+000	2.377680805864054e+000	3.110500000000000e+000	7.412646727626123e-001
1.191780090332031e-006	3.113047995767559e+000	3.835601806640624e-001	-3.835601806640624e-001	5.000000000000000e+000	1.378610834252456e+000	3.184596213948041e+000	4.990581593643626e+000	1.093051981292405e+000	1.616419819535942e+000	2.000000000000000e+000	2.000000000000000e+000	2.383540180864054e+000	3.110500000000000e+000	7.409621394804096e-001
1.194709777832031e-006	3.113047677633506e+000	3.894195556640626e-001	-3.894195556640626e-001	5.000000000000000e+000	1.376535198101773e+000	3.184568973888073e+000	4.992602749674372e+000	1.093623907390663e+000	1.610560444535942e+000	2.000000000000000e+000	2.000000000000000e+000	2.389399555864054e+000	3.110500000000000e+000	7.406897388807250e-001
1.197639465332031e-006	3.113047339703943e+000	3.952789306640625e-001	-3.952789306640625e-001	5.000000000000000e+000	1.374733378769818e+000	3.184544931879620e+000	4.994356484989423e+000	1.094342307046891e+000	1.604701069535942e+000	2.000000000000000e+000	2.000000000000000e+000	2.395258930864054e+000	3.110500000000000e+000	7.404493187962028e-001
1.200569152832031e-006	3.113046978131851e+000	4.011383056640625e-001	-4.011383056640625e-001	5.000000000000000e+000	1.373223150987055e+000	3.184524306390681e+000	4.995825461794308e+000	1.095224181366514e+000	1.598841694535942e+000	2.000000000000000e+000	2.000000000000000e+000	2.401118305864054e+000	3.110500000000000e+000	7.402430639068143e-001
1.203498840332031e-006	3.113046588118320e+000	4.069976806640625e-001	-4.069976806640625e-001	5.000000000000000e+000	1.372025916616493e+000	3.184507356294700e+000	4.996988795972909e+000	1.096289075212180e+000	1.592982319535942e+000	2.000000000000000e+000	2.000000000000000e+000	2.406977680864054e+000	3.110500000000000e+000	7.400735629470052e-001
1.206428527832031e-006	3.113046163766140e+000	4.128570556640625e-001	-4.128570556640625e-001	5.000000000000000e+000	1.371167561753334e+000	3.184494390101999e+000	4.997821218450665e+000	1.097559715324869e+000	1.587122944535942e+000	2.000000000000000e+000	2.000000000000000e+000	2.412837055864054e+000	3.110500000000000e+000	7.399439010199929e-001
1.209358215332031e-006	3.113045709622211e+000	4.187164306640624e-001	-4.187164306640624e-001	5.000000000000000e+000	1.370674506836149e+000	3.184485720444862e+000	4.998296934053575e+000	1.099059255415722e+000	1.581263569535943e+000	2.000000000000000e+000	2.000000000000000e+000	2.418696430864054e+000	3.110500000000000e+000	7.398572044486169e-001
1.212287902832031e-006	3.113045410382778e+000	4.245758056640626e-001	-4.245758056640626e-001	5.000000000000000e+000	1.370493408558293e+000	3.184480748618433e+000	4.998468088678573e+000	1.100754167077580e+000	1.575404194535943e+000	2.000000000000000e+000	2.000000000000000e+000	2.424555805864054e+000	3.110500000000000e+000	7.398074861843319e-001
1.215217590332031e-006	3.113045346425729e+000	4.304351806640625e-001	-4.304351806640625e-001	5.000000000000000e+000	1.370461624400455e+000	3.184477583455315e+000	4.998493542510175e+000	1.102532604304320e+000	1.569544819535943e+000	2.000000000000000e+000	2.000000000000000e+000	2.430415180864054e+000	3.110500000000000e+000	7.397758345531538e-001
1.240237644740513e-006	3.113045346926169e+000	4.804752894810269e-001	-4.804752894810269e-001	5.000000000000000e+000	1.370416560023737e+000	3.184455040290181e+000	4.998493520556625e+000	1.116767226535165e+000	1.519504710718980e+000	2.000000000000000e+000	2.000000000000000e+000	2.480455289681017e+000	3.110500000000000e+000	7.395504029018124e-001
1.265257699148996e-006	3.113045347329159e+000	5.305153982979913e-001	-5.305153982979913e-001	5.000000000000000e+000	1.370374691011850e+000	3.184434096021798e+000	4.998493501031747e+000	1.130009443186719e+000	1.469464601902017e+000	2.000000000000000e+000	2.000000000000000e+000	2.530495398497980e+000	3.110500000000000e+000	7.393409602179832e-001
1.290277753557478e-006	3.113045347634700e+000	5.805555071149556e-001	-5.805555071149556e-001	5.000000000000000e+000	1.370336017364795e+000	3.184414750650167e+000	4.998493483935538e+000	1.142259254258983e+000	1.419424493085054e+000	2.000000000000000e+000	2.000000000000000e+000	2.580535507314942e+000	3.110500000000000e+000	7.391475065016663e-001
1.315297807965960e-006	3.113045347842791e+000	6.305956159319199e-001	-6.305956159319199e-001	5.000000000000000e+000	1.370300539082572e+000	3.184397004175286e+000	4.998493469268001e+000	1.153516659751955e+000	1.369384384268091e+000	2.000000000000000e+000	2.000000000000000e+000	2.630575616131905e+000	3.110500000000000e+000	7.389700417528615e-001
1.340317862374442e-006	3.113045347953432e+000	6.806357247488842e-001	-6.806357247488842e-001	5.000000000000000e+000	1.370268256165179e+000	3.184380856597157e+000	4.998493457029134e+000	1.163781659665637e+000	1.319344275451129e+000	2.000000000000000e+000	2.000000000000000e+000	2.680615724948868e+000	3.110500000000000e+000	7.388085659715689e-001
1.365337916782924e-006	3.113045347966623e+000	7.306758335658484e-001	-7.306758335658484e-001	5.000000000000000e+000	1.370239168612619e+000	3.184366307915779e+000	4.998493447218939e+000	1.173054254000027e+000	1.269304166634167e+000	2.000000000000000e+000	2.000000000000000e+000	2.730655833765830e+000	3.110500000000000e+000	7.386630791577885e-001
1.390357971191406e-006	3.113045347882364e+000	7.807159423828126e-001	-7.807159423828126e-001	5.000000000000000e+000	1.370213276424889e+000	3.184353358131152e+000	4.998493439837415e+000	1.181334442755127e+000	1.219264057817204e+000	2.000000000000000e+000	2.000000000000000e+000	2.780695942582792e+000	3.110500000000000e+000	7.385335813115203e-001
1.390586853027344e-006	3.113045347882195e+000	7.811737060546876e-001	-7.811737060546876e-001	5.000000000000000e+000	1.370213041713182e+000	3.184353240727287e+000	4.998493439741392e+000	1.181409479945514e+000	1.218806294145330e+000	2.000000000000000e+000	2.000000000000000e+000	2.781153706254667e+000	3.110500000000000e+000	7.385324072728713e-001
1.390861511230469e-006	3.113045347882825e+000	7.817230224609375e-001	-7.817230224609375e-001	5.000000000000000e+000	1.370212760093635e+000	3.184353099860093e+000	4.998493439626552e+000	1.181499446713253e+000	1.218256977739080e+000	2.000000000000000e+000	2.000000000000000e+000	2.781703022660917e+000	3.110500000000000e+000	7.385309986009344e-001
1.390998840332031e-006	3.113045347885206e+000	7.819976806640626e-001	-7.819976806640626e-001	5.000000000000000e+000	1.370212619437462e+000	3.184353029503566e+000	4.998493439569669e+000	1.181544398903726e+000	1.217982319535955e+000	2.000000000000000e+000	2.000000000000000e+000	2.781977680864042e+000	3.110500000000000e+000	7.385302950356583e-001
1.391181945800781e-006	3.113045347885761e+000	7.823638916015625e-001	-7.823638916015625e-001	5.000000000000000e+000	1.370212431983463e+000	3.184352935738342e+000	4.998493439493220e+000	1.181604294162873e+000	1.217616108598455e+000	2.000000000000000e+000	2.000000000000000e+000	2.782343891801542e+000	3.110500000000000e+000	7.385293573834135e-001
1.391639709472656e-006	3.113045347888733e+000	7.832794189453126e-001	-7.832794189453126e-001	5.000000000000000e+000	1.370211963678879e+000	3.184352701490791e+000	4.998493439302703e+000	1.181753924959195e+000	1.216700581254705e+000	2.000000000000000e+000	2.000000000000000e+000	2.783259419145292e+000	3.110500000000000e+000	7.385270149079120e-001
1.391822814941406e-006	3.113045347889674e+000	7.836456298828126e-001	-7.836456298828126e-001	5.000000000000000e+000	1.370211776594666e+000	3.184352607910506e+000	4.998493439226345e+000	1.181813712981849e+000	1.216334370317204e+000	2.000000000000000e+000	2.000000000000000e+000	2.783625630082792e+000	3.110500000000000e+000	7.385260791050561e-001
1.391960144042969e-006	3.113045347889956e+000	7.839202880859376e-001	-7.839202880859376e-001	5.000000000000000e+000	1.370211636330507e+000	3.184352537749891e+000	4.998493439169276e+000	1.181858527176707e+000	1.216059712114080e+000	2.000000000000000e+000	2.000000000000000e+000	2.783900288285917e+000	3.110500000000000e+000	7.385253774989132e-001
1.392143249511719e-006	3.113045347890679e+000	7.842864990234375e-001	-7.842864990234375e-001	5.000000000000000e+000	1.370211449461788e+000	3.184352444277439e+000	4.998493439093089e+000	1.181918238710138e+000	1.215693501176580e+000	2.000000000000000e+000	2.000000000000000e+000	2.784266499223417e+000	3.110500000000000e+000	7.385244427743857e-001
1.392509460449219e-006	3.113045347892583e+000	7.850189208984374e-001	-7.850189208984374e-001	5.000000000000000e+000	1.370211076141512e+000	3.184352257541300e+000	4.998493438941090e+000	1.182037530993929e+000	1.214961079301580e+000	2.000000000000000e+000	2.000000000000000e+000	2.784998921098417e+000	3.110500000000000e+000	7.385225754130060e-001
1.395334516252790e-006	3.113045347922153e+000	7.906690325055801e-001	-7.906690325055801e-001	5.000000000000000e+000	1.370208422198306e+000	3.184350930029686e+000	4.998493437861065e+000	1.182952570502258e+000	1.209310967694437e+000	2.000000000000000e+000	2.000000000000000e+000	2.790649032705559e+000	3.110500000000000e+000	7.385093002968554e-001
1.398159572056362e-006	3.113045347946232e+000	7.963191441127228e-001	-7.963191441127228e-001	5.000000000000000e+000	1.370205748299244e+000	3.184349592536028e+000	4.998493436772811e+000	1.183859820529238e+000	1.203660856087295e+000	2.000000000000000e+000	2.000000000000000e+000	2.796299144312701e+000	3.110500000000000e+000	7.384959253602709e-001
1.400984627859933e-006	3.113045347964820e+000	8.019692557198656e-001	-8.019692557198656e-001	5.000000000000000e+000	1.370203054444324e+000	3.184348245060325e+000	4.998493435676327e+000	1.184759281074868e+000	1.198010744480152e+000	2.000000000000000e+000	2.000000000000000e+000	2.801949255919844e+000	3.110500000000000e+000	7.384824506032526e-001
1.403809683663505e-006	3.113045347977918e+000	8.076193673270088e-001	-8.076193673270088e-001	5.000000000000000e+000	1.370200340633546e+000	3.184346887602580e+000	4.998493434571614e+000	1.185650952139150e+000	1.192360632873009e+000	2.000000000000000e+000	2.000000000000000e+000	2.807599367526987e+000	3.110500000000000e+000	7.384688760258003e-001
1.406634739467076e-006	3.113045347985525e+000	8.132694789341517e-001	-8.132694789341517e-001	5.000000000000000e+000	1.370197606866912e+000	3.184345520162792e+000	4.998493433458671e+000	1.186534833722081e+000	1.186710521265867e+000	2.000000000000000e+000	2.000000000000000e+000	2.813249479134130e+000	3.110500000000000e+000	7.384552016279141e-001
1.409459795270647e-006	3.113045347987640e+000	8.189195905412946e-001	-8.189195905412946e-001	5.000000000000000e+000	1.370194853144420e+000	3.184344142740959e+000	4.998493432337498e+000	1.187410925823664e+000	1.181060409658724e+000	2.000000000000000e+000	2.000000000000000e+000	2.818899590741272e+000	3.110500000000000e+000	7.384414274095941e-001
1.412284851074219e-006	3.113045347984265e+000	8.245697021484375e-001	-8.245697021484375e-001	5.000000000000000e+000	1.370192079466071e+000	3.184342755337084e+000	4.998493431208097e+000	1.188279228443897e+000	1.175410298051581e+000	2.000000000000000e+000	2.000000000000000e+000	2.824549702348415e+000	3.110500000000000e+000	7.384275533708402e-001
1.484794616699219e-006	3.113045348278885e+000	9.695892333984376e-001	-9.695892333984376e-001	5.000000000000000e+000	1.370129879448782e+000	3.184311642662632e+000	4.998493405876481e+000	1.208197743332561e+000	1.030390766801588e+000	2.000000000000000e+000	2.000000000000000e+000	2.969569233598408e+000	3.110500000000000e+000	7.381164266263139e-001
1.550895690917969e-006	3.113045348456501e+000	1.101791381835938e+000	-1.101791381835938e+000	5.000000000000000e+000	1.370086351296435e+000	3.184289869723575e+000	4.998493388150715e+000	1.222195053064217e+000	8.981886183640947e-001	2.000000000000000e+000	2.000000000000000e+000	3.101771382035901e+000	3.110500000000000e+000	7.378986972357510e-001
1.616996765136719e-006	3.113045348611446e+000	1.233993530273438e+000	-1.233993530273438e+000	5.000000000000000e+000	1.370047291493616e+000	3.184270331869119e+000	4.998493372244623e+000	1.234756543491733e+000	7.659864699266025e-001	2.000000000000000e+000	2.000000000000000e+000	3.233973530473393e+000	3.110500000000000e+000	7.377033186911918e-001
1.683097839355469e-006	3.113045348743721e+000	1.366195678710938e+000	-1.366195678710938e+000	5.000000000000000e+000	1.370012700040326e+000	3.184253029099263e+000	4.998493358158202e+000	1.245882214615109e+000	6.337843214891112e-001	2.000000000000000e+000	2.000000000000000e+000	3.366175678910884e+000	3.110500000000000e+000	7.375302909926362e-001
1.749198913574219e-006	3.113045348853325e+000	1.498397827148438e+000	-1.498397827148438e+000	5.000000000000000e+000	1.369982576936564e+000	3.184237961414008e+000	4.998493345891453e+000	1.255572066434346e+000	5.015821730516210e-001	2.000000000000000e+000	2.000000000000000e+000	3.498377827348374e+000	3.110500000000000e+000	7.373796141400845e-001
1.815299987792969e-006	3.113045348940260e+000	1.630599975585938e+000	-1.630599975585938e+000	5.000000000000000e+000	1.369956922182330e+000	3.184225128813353e+000	4.998493335444376e+000	1.263826098949442e+000	3.693800246141318e-001	2.000000000000000e+000	2.000000000000000e+000	3.630579975785863e+000	3.110500000000000e+000	7.372512881335362e-001
1.881401062011719e-006	3.113045349004524e+000	1.762802124023438e+000	-1.762802124023438e+000	5.000000000000000e+000	1.369935735777626e+000	3.184214531297299e+000	4.998493326816972e+000	1.270644312160400e+000	2.371778761766435e-001	2.000000000000000e+000	2.000000000000000e+000	3.762782124223352e+000	3.110500000000000e+000	7.371453129729919e-001
1.947502136230469e-006	3.113045349046118e+000	1.895004272460938e+000	-1.895004272460938e+000	5.000000000000000e+000	1.369919017722450e+000	3.184206168865845e+000	4.998493320009240e+000	1.276026706067217e+000	1.049757277391566e-001	2.000000000000000e+000	2.000000000000000e+000	3.894984272660838e+000	3.110500000000000e+000	7.370616886584511e-001
2.000000000000000e-006	3.113045349294354e+000	2.000000000000000e+000	-2.000000000000000e+000	5.000000000000000e+000	1.369905704845708e+000	3.184199509734132e+000	4.998493314622556e+000	1.280353237488457e+000	-1.999979989531430e-005	2.000000000000000e+000	2.000000000000000e+000	3.999980000199891e+000	3.110500000000000e+000	7.369950973413239e-001
2.000269317626953e-006	3.113045392709034e+000	2.000000000000000e+000	-2.000000000000000e+000	5.000000000000000e+000	1.369899319421243e+000	3.184199484129744e+000	4.998499648838244e+000	1.280348798562258e+000	-1.999979989526054e-005	2.000000000000000e+000	2.000000000000000e+000	3.999980000199890e+000	3.110500000000000e+000	7.369948412974384e-001
2.001211929321289e-006	3.113045346992853e+000	2.000000000000000e+000	-2.000000000000000e+000	5.000000000000000e+000	1.369895826136448e+000	3.184199458544664e+000	4.998503090952880e+000	1.280346310783484e+000	-1.999979989507263e-005	2.000000000000000e+000	2.000000000000000e+000	3.999980000199890e+000	3.110500000000000e+000	7.369945854466390e-001
2.316471862792969e-006	3.113045349452966e+000	2.000000000000000e+000	-2.000000000000000e+000	5.000000000000000e+000	1.369895829347037e+000	3.184199458647606e+000	4.998503087948174e+000	1.280346313923401e+000	-1.999979983202349e-005	2.000000000000000e+000	2.000000000000000e+000	3.999980000199827e+000	3.110500000000000e+000	7.369945864760557e-001
2.999089050292969e-006	3.113045349452944e+000	2.000000000000000e+000	-2.000000000000000e+000	5.000000000000000e+000	1.369895829347082e+000	3.184199458647608e+000	4.998503087948134e+000	1.280346313923429e+000	-1.999979969550358e-005	2.000000000000000e+000	2.000000000000000e+000	3.999980000199691e+000	3.110500000000000e+000	7.369945864760782e-001
3.000000000000000e-006	3.113045349452936e+000	2.000000000000000e+000	-2.000000000000000e+000	5.000000000000000e+000	1.369895829347114e+000	3.184199458647609e+000	4.998503087948105e+000	1.280346313923454e+000	-1.999979969532128e-005	2.000000000000000e+000	2.000000000000000e+000	3.999980000199690e+000	3.110500000000000e+000	7.369945864760938e-001
