time	V(ainp)	V(ainter1)	V(binp)	V(binter1)	V(inter1)	V(vdd)	V(xorout)	V(n002)	V(n003)	V(n004)	V(n005)
0.000000000000000e+000	0.000000000000000e+000	4.999999976719317e+000	5.000000000000000e+000	1.553075701882678e-008	4.999999974265896e+000	5.000000000000000e+000	4.999999976733315e+000	3.882689229844790e-009	4.522836839729655e+000	7.765378480656352e-009	4.520114377220983e+000
1.953124992195698e-014	9.765624960978488e-008	5.000000014108483e+000	5.000000000000000e+000	3.158516381900178e-008	5.000000006876253e+000	5.000000000000000e+000	4.999999973741515e+000	3.409893434899555e-008	4.522836886302104e+000	2.112437948326101e-008	4.520114427891079e+000
3.906249984391395e-014	1.953124992195698e-007	5.000000051420786e+000	5.000000000000000e+000	4.756897931113002e-008	5.000000039412212e+000	5.000000000000000e+000	4.999999970701955e+000	6.397993168626539e-008	4.522836932816118e+000	3.436114971342423e-008	4.520114478485517e+000
1.462053565586494e-012	7.310267827932470e-006	5.000002285421513e+000	5.000000000000000e+000	8.069042609391409e-007	5.000002047046602e+000	5.000000000000000e+000	4.999999480786642e+000	1.032024417873582e-006	4.522840036704618e+000	5.482481429897953e-007	4.520117696693500e+000
2.885044631329074e-012	1.442522315664537e-005	5.000004239170437e+000	5.000000000000000e+000	1.406645610945710e-006	5.000003853931939e+000	5.000000000000000e+000	4.999998988534425e+000	1.782451330359143e-006	4.522842982858087e+000	9.486870234117157e-007	4.520120659336995e+000
4.308035697071654e-012	2.154017848535827e-005	5.000005912667557e+000	5.000000000000000e+000	1.846793029330837e-006	5.000005460068224e+000	5.000000000000000e+000	4.999998493945305e+000	2.315260669142950e-006	4.522845771276523e+000	1.235677790979185e-006	4.520123366416002e+000
5.731026762814234e-012	2.865513381407117e-005	5.000007305912876e+000	5.000000000000000e+000	2.127346516094523e-006	5.000006865455458e+000	5.000000000000000e+000	4.999997997019283e+000	2.630452434225002e-006	4.522848401959926e+000	1.409220445692204e-006	4.520125817930522e+000
7.154017828556815e-012	3.577008914278407e-005	5.000008418906391e+000	5.000000000000000e+000	2.248306071236767e-006	5.000008070093639e+000	5.000000000000000e+000	4.999997497756357e+000	2.728026625605300e-006	4.522850874908298e+000	1.469314987550771e-006	4.520128013880555e+000
8.577008894299394e-012	4.288504447149697e-005	5.000009251648105e+000	5.000000000000000e+000	2.209671694757570e-006	5.000009073982769e+000	5.000000000000000e+000	4.999996996156527e+000	2.607983243283843e-006	4.522853190121638e+000	1.415961416554888e-006	4.520129954266101e+000
9.999999960041972e-012	4.999999980020986e-005	5.000009804138013e+000	5.000000000000000e+000	2.011443386656930e-006	5.000009877122846e+000	5.000000000000000e+000	4.999996492219795e+000	2.270322287260632e-006	4.522855347599945e+000	1.249159732704554e-006	4.520131639087158e+000
3.999999984016789e-011	1.999999992008394e-004	5.000014799322429e+000	5.000000000000000e+000	9.937204324082329e-007	5.000019436781996e+000	5.000000000000000e+000	4.999993784087148e+000	2.276055423626524e-006	4.522895025051763e+000	5.727577435641815e-007	4.520162293420977e+000
3.199999987213431e-010	1.599999993606716e-003	5.000014215902443e+000	5.000000000000000e+000	3.649533933490259e-007	5.000023534497188e+000	5.000000000000000e+000	4.999994566511402e+000	2.275617258296463e-006	4.523198016811985e+000	1.823129372544998e-007	4.520386630894794e+000
2.559999989770745e-009	1.279999994885372e-002	5.000011667453784e+000	5.000000000000000e+000	1.543860899846617e-007	5.000023574600933e+000	5.000000000000000e+000	4.999997836911717e+000	2.269814426064745e-006	4.525595557546236e+000	7.722415762918083e-008	4.521364874668955e+000
6.466249989770744e-009	3.233124994885372e-002	5.000010580783880e+000	5.000000000000000e+000	6.127322352300103e-008	5.000023678853637e+000	5.000000000000000e+000	4.999999271947078e+000	3.862944257137540e-006	4.529776546276546e+000	3.064796165629750e-008	4.522037008654982e+000
1.037249998977074e-008	5.186249994885372e-002	5.000010350167857e+000	5.000000000000000e+000	3.869588830146629e-008	5.000023782425114e+000	5.000000000000000e+000	4.999999620216588e+000	4.208561668798601e-006	4.533957511315668e+000	1.935798656833027e-008	4.522317602563973e+000
9.240374998977068e-008	4.620187499488535e-001	5.000011086532842e+000	5.000000000000000e+000	1.579105071301736e-008	5.000026183635551e+000	5.000000000000000e+000	4.999999973871017e+000	4.208561858906878e-006	4.621752488540757e+000	7.906103123254168e-009	4.522837038872153e+000
9.435687498977067e-008	4.717843749488535e-001	5.000011083443082e+000	5.000000000000000e+000	-1.118015746030387e-008	5.000013866331996e+000	5.000000000000000e+000	4.999999973958499e+000	5.175742424818513e-006	4.622973516645825e+000	-9.707868925879268e-009	4.522837793930174e+000
9.630999998977067e-008	4.815499999488535e-001	5.000010843708953e+000	5.000000000000000e+000	-2.526426521559481e-007	4.999878403588630e+000	5.000000000000000e+000	4.999999973323472e+000	1.570018210674267e-005	4.613896475498343e+000	-1.673978875741612e-007	4.522838262420528e+000
9.826312498977066e-008	4.913156249488533e-001	4.999924275547583e+000	5.000000000000000e+000	-6.108912882914980e-007	4.999483375055107e+000	5.000000000000000e+000	4.999999792252346e+000	5.126023484803861e-005	4.574494548033226e+000	-3.963287565373599e-007	4.522770333247098e+000
1.002162499897707e-007	5.010812499488532e-001	4.999403009552864e+000	5.000000000000000e+000	-6.554901370836022e-007	4.998979071415556e+000	5.000000000000000e+000	4.999999050938067e+000	1.208056947642425e-004	4.516921338244348e+000	-4.055220764894281e-007	4.522359203675499e+000
1.021693749897707e-007	5.108468749488532e-001	4.998483086994265e+000	5.000000000000000e+000	-1.083960126868123e-006	4.998325401164008e+000	5.000000000000000e+000	4.999998943618015e+000	2.252291887827780e-004	4.481421768511446e+000	-6.825419883434753e-007	4.521632518462872e+000
1.041224999897707e-007	5.206124999488534e-001	4.997446446201495e+000	5.000000000000000e+000	-1.518452296310698e-006	4.997297535440374e+000	5.000000000000000e+000	4.999998808388285e+000	3.641403922466438e-004	4.467183191677441e+000	-9.620372047329843e-007	4.520812844519540e+000
1.060756249897706e-007	5.303781249488532e-001	4.996174204510848e+000	5.000000000000000e+000	-1.788918204914843e-006	4.995988081694081e+000	5.000000000000000e+000	4.999998437834487e+000	5.371525606866871e-004	4.454028402052959e+000	-1.129078476935493e-006	4.519807914025526e+000
1.080287499897706e-007	5.401437499488532e-001	4.994630431222319e+000	5.000000000000000e+000	-2.168442899178578e-006	4.994427469031453e+000	5.000000000000000e+000	4.999998220341853e+000	7.438796709000363e-004	4.440380941640083e+000	-1.370664649835390e-006	4.518589715944833e+000
1.099818749897706e-007	5.499093749488532e-001	4.992831706428947e+000	5.000000000000000e+000	-2.465693486715750e-006	4.992601286874130e+000	5.000000000000000e+000	4.999997887481310e+000	9.839383699022757e-004	4.426674942410749e+000	-1.555938889532358e-006	4.517171313107150e+000
1.119349999897706e-007	5.596749999488532e-001	4.990765532450050e+000	5.000000000000000e+000	-2.825298869829412e-006	4.990520507838284e+000	5.000000000000000e+000	4.999997642843526e+000	1.256946567861024e-003	4.412658805546958e+000	-1.783750771305269e-006	4.515542859995669e+000
1.138881249897706e-007	5.694406249488532e-001	4.988438441428983e+000	5.000000000000000e+000	-3.134625076536444e-006	4.988179113687679e+000	5.000000000000000e+000	4.999997326445935e+000	1.562525082707676e-003	4.398513205214597e+000	-1.976959788929185e-006	4.513709511392797e+000
1.158412499897706e-007	5.792062499488532e-001	4.985844389680466e+000	5.000000000000000e+000	-3.484289806927042e-006	4.985582558816860e+000	5.000000000000000e+000	4.999997066791814e+000	1.900295801959526e-003	4.384133325869940e+000	-2.197647228664558e-006	4.511666502026188e+000
1.177943749897706e-007	5.889718749488532e-001	4.982986122904609e+000	5.000000000000000e+000	-3.799388415326997e-006	4.982728084027153e+000	5.000000000000000e+000	4.999996755998431e+000	2.269883541998436e-003	4.369550676162231e+000	-2.394456704387390e-006	4.509416004899807e+000
1.197474999897706e-007	5.987374999488532e-001	4.979859530441461e+000	5.000000000000000e+000	-4.142633353620908e-006	4.979619344598864e+000	5.000000000000000e+000	4.999996486771511e+000	2.670914432061827e-003	4.354730630983881e+000	-2.610440794124609e-006	4.506954778837667e+000
1.217006249897706e-007	6.085031249488531e-001	4.976466041741221e+000	5.000000000000000e+000	-4.461599089237945e-006	4.976254706152435e+000	5.000000000000000e+000	4.999996179547421e+000	3.103017472003002e-003	4.339701790945593e+000	-2.809510281780495e-006	4.504283958306299e+000
1.236537499897706e-007	6.182687499488530e-001	4.972802632276681e+000	5.000000000000000e+000	-4.800538220927036e-006	4.972636765863452e+000	5.000000000000000e+000	4.999995903275399e+000	3.565823071991454e-003	4.324445369452723e+000	-3.022171476812922e-006	4.501401159091157e+000
1.256068749897706e-007	6.280343749488530e-001	4.968869898784852e+000	5.000000000000000e+000	-5.122137473192101e-006	4.968764589793761e+000	5.000000000000000e+000	4.999995597699166e+000	4.058964443307507e-003	4.308977003001083e+000	-3.222600913487554e-006	4.498306858448141e+000
1.275599999897706e-007	6.377999999488530e-001	4.964665425886629e+000	5.000000000000000e+000	-5.458126253740275e-006	4.964640127806256e+000	5.000000000000000e+000	4.999995315820179e+000	4.582076320748404e-003	4.293286162766583e+000	-3.432798541385511e-006	4.494999153249953e+000
1.295131249897706e-007	6.475656249488527e-001	4.960189313417144e+000	5.000000000000000e+000	-5.781701392018200e-006	4.960262840375048e+000	5.000000000000000e+000	4.999995010733653e+000	5.134796153099246e-003	4.277382134067722e+000	-3.634079255155022e-006	4.491478128259226e+000
1.314662499897706e-007	6.573312499488527e-001	4.955439506465334e+000	5.000000000000000e+000	-6.115695470004833e-006	4.955634244731563e+000	5.000000000000000e+000	4.999994724113178e+000	5.716763015431302e-003	4.261258682614825e+000	-3.842398257455854e-006	4.487742165356665e+000
1.353724999897706e-007	6.768624999488530e-001	4.945116305037839e+000	5.000000000000000e+000	-6.773541396122877e-006	4.945623397152279e+000	5.000000000000000e+000	4.999994127938046e+000	6.967006304074777e-003	4.228367498268697e+000	-4.251110765798926e-006	4.479623470562069e+000
1.392787499897706e-007	6.963937499488527e-001	4.933687049119535e+000	5.000000000000000e+000	-7.432333904966423e-006	4.934611294051305e+000	5.000000000000000e+000	4.999993527103120e+000	8.329963525070830e-003	4.194616587201393e+000	-4.659116190858839e-006	4.470636184148819e+000
1.431849999897705e-007	7.159249999488527e-001	4.921142716469765e+000	5.000000000000000e+000	-8.092475674054849e-006	4.922601036874775e+000	5.000000000000000e+000	4.999992921416680e+000	9.802825903173953e-003	4.160009394736961e+000	-5.066623937670676e-006	4.460773225350551e+000
1.470912499897705e-007	7.354562499488527e-001	4.907481114293015e+000	5.000000000000000e+000	-8.746656596168726e-006	4.909601974799815e+000	5.000000000000000e+000	4.999988121590073e+000	1.138282422859777e-002	4.124555590135723e+000	-5.468689751355396e-006	4.450032878582420e+000
1.529506249897705e-007	7.647531249488525e-001	4.884851240840233e+000	5.000000000000000e+000	-9.751527849841536e-006	4.888234322067584e+000	5.000000000000000e+000	4.999985656976637e+000	1.394769605537431e-002	4.069773959953902e+000	-6.084029692390709e-006	4.432243811579362e+000
1.588099999897705e-007	7.940499999488526e-001	4.859633472317217e+000	5.000000000000000e+000	-1.075759050682379e-005	4.864629927053475e+000	5.000000000000000e+000	4.999984096611336e+000	1.673832203765055e-002	4.013078200900108e+000	-6.696210410522642e-006	4.412422500732965e+000
1.646693749897705e-007	8.233468749488524e-001	4.831792462021780e+000	5.000000000000000e+000	-1.177403888981193e-005	4.838790799993467e+000	5.000000000000000e+000	4.999982505462155e+000	1.974573626667815e-002	3.954473060090340e+000	-7.310334812707395e-006	4.390541201906636e+000
1.716448214183419e-007	8.582241070917094e-001	4.795437769694797e+000	5.000000000000000e+000	-1.301684061156371e-005	4.805232697510326e+000	5.000000000000000e+000	4.999980568711553e+000	2.363181238584955e-002	3.882321105252221e+000	-8.053683230925133e-006	4.361970734532195e+000
1.786202678469133e-007	8.931013392345664e-001	4.754979838796096e+000	5.000000000000000e+000	-1.427864369906845e-005	4.768369860782538e+000	5.000000000000000e+000	4.999978596887186e+000	2.776245723902183e-002	3.807344537515279e+000	-8.801199633355393e-006	4.330178170610714e+000
1.855957142754847e-007	9.279785713774236e-001	4.710418669325675e+000	5.000000000000000e+000	-1.555944815232615e-005	4.728202289810101e+000	5.000000000000000e+000	4.999976589989053e+000	3.213767082619501e-002	3.729543356879513e+000	-9.552884019998178e-006	4.295163510142197e+000
1.925711607040561e-007	9.628558035202806e-001	4.661754261283535e+000	5.000000000000000e+000	-1.685925397133679e-005	4.684729984593015e+000	5.000000000000000e+000	4.999974548017153e+000	3.675745314736905e-002	3.648917563344923e+000	-1.030873639085348e-005	4.256926753126640e+000
1.995466071326275e-007	9.977330356631378e-001	4.608986614669677e+000	5.000000000000000e+000	-1.817806115610037e-005	4.637952945131281e+000	5.000000000000000e+000	4.999972470971488e+000	4.162180420254397e-002	3.565467156911509e+000	-1.106875674592131e-005	4.215467899564047e+000
2.065220535611989e-007	1.032610267805995e+000	4.552115729484099e+000	5.000000000000000e+000	-1.951586970661692e-005	4.587871171424898e+000	5.000000000000000e+000	4.999970358852057e+000	4.673072399171976e-002	3.479192137579272e+000	-1.183294508520166e-005	4.170786949454414e+000
2.134974999897703e-007	1.067487499948852e+000	4.491141605726801e+000	5.000000000000000e+000	-2.087267962288641e-005	4.534484663473867e+000	5.000000000000000e+000	4.999968211658860e+000	5.208421251489645e-002	3.390092505348211e+000	-1.260130140869452e-005	4.122883902797745e+000
2.154506249897703e-007	1.077253124948852e+000	4.473184784854626e+000	5.000000000000000e+000	-1.598392242179976e-005	4.518854873148695e+000	5.000000000000000e+000	4.999967756476044e+000	5.360901419236300e-002	3.364557772421466e+000	-1.033539441078158e-005	4.108777991208453e+000
2.174037499897703e-007	1.087018749948852e+000	4.454915650836027e+000	5.000000000000000e+000	5.301021469431358e-006	4.502941408712390e+000	5.000000000000000e+000	4.999967386858877e+000	5.514884537603329e-002	3.338781085529096e+000	-3.665602372991683e-007	4.094430364214107e+000
2.193568749897703e-007	1.096784374948852e+000	4.436360003423104e+000	5.000000000000000e+000	5.208654544524953e-005	4.486741299230045e+000	5.000000000000000e+000	4.999967052440390e+000	5.670339765799867e-002	3.312761006391905e+000	2.153810787419719e-005	4.079863238559667e+000
2.213099999897703e-007	1.106549999948852e+000	4.417525438788372e+000	5.000000000000000e+000	1.277258069606359e-004	4.470251442416669e+000	5.000000000000000e+000	4.999966725873508e+000	5.827236179401357e-002	3.286495203329986e+000	5.687313740379129e-005	4.065083300265940e+000
2.232631249897703e-007	1.116315624948852e+000	4.398414307386409e+000	5.000000000000000e+000	2.339223545490196e-004	4.453468607095415e+000	5.000000000000000e+000	4.999966411902907e+000	5.985542741510447e-002	3.259981150595388e+000	1.063407640954136e-004	4.050092761528227e+000
2.252162499897703e-007	1.126081249948852e+000	4.379029128375888e+000	5.000000000000000e+000	3.724591941831508e-004	4.436389365874135e+000	5.000000000000000e+000	4.999966106446318e+000	6.145228277080933e-002	3.233216064447340e+000	1.706693718655349e-004	4.034893984082650e+000
2.271693749897703e-007	1.135846874948852e+000	4.359372707692613e+000	5.000000000000000e+000	5.451952524119126e-004	4.419010110971797e+000	5.000000000000000e+000	4.999965814406107e+000	6.306261446311892e-002	3.206197120090739e+000	2.506094516635943e-004	4.019489571175066e+000
2.291224999897703e-007	1.145612499948852e+000	4.339448070927251e+000	5.000000000000000e+000	7.540778008213039e-004	4.401327016564881e+000	5.000000000000000e+000	4.999965531653715e+000	6.468610727670876e-002	3.178921229896218e+000	3.469398129199476e-004	4.003882317512894e+000
2.310756249897703e-007	1.155378124948852e+000	4.319258575059319e+000	5.000000000000000e+000	1.001141448160284e-003	4.383336056703834e+000	5.000000000000000e+000	4.999965263265260e+000	6.632244390635547e-002	3.151385241292944e+000	4.604644408362207e-004	3.988075296798388e+000
2.330287499897703e-007	1.165143749948852e+000	4.298807857608941e+000	5.000000000000000e+000	1.288520692401159e-003	4.365032962989698e+000	5.000000000000000e+000	4.999965005119238e+000	6.797130473880869e-002	3.123585731137532e+000	5.920184851843785e-004	3.972071824488536e+000
2.349818749897703e-007	1.174909374948852e+000	4.278099944454342e+000	5.000000000000000e+000	1.618450423217961e-003	4.346413243317306e+000	5.000000000000000e+000	4.999964762436068e+000	6.963236756822824e-002	3.095519186131588e+000	7.424656466462551e-004	3.955875542576580e+000
2.369349999897703e-007	1.184674999948852e+000	4.257139215200109e+000	5.000000000000000e+000	1.993279146077602e-003	4.327472135463039e+000	5.000000000000000e+000	4.999964531164745e+000	7.130530732503981e-002	3.067181811428008e+000	9.127041375473072e-004	3.939490395231638e+000
2.388881249897703e-007	1.194440624948851e+000	4.235930509559733e+000	5.000000000000000e+000	2.415471181361061e-003	4.308204625482496e+000	5.000000000000000e+000	4.999964316651024e+000	7.298979577257153e-002	3.038569694963472e+000	1.103664624662822e-003	3.922920712817299e+000
2.408412499897703e-007	1.204206249948851e+000	4.214479109653910e+000	5.000000000000000e+000	2.887620855716339e-003	4.288605397555763e+000	5.000000000000000e+000	4.999964114976638e+000	7.468550117710709e-002	3.009678628563634e+000	1.316316231325911e-003	3.906171201034689e+000
2.427943749897703e-007	1.213971874948851e+000	4.192790847742316e+000	5.000000000000000e+000	3.412456648852327e-003	4.268668850925558e+000	5.000000000000000e+000	4.999963931604638e+000	7.639208797733274e-002	2.980504257309506e+000	1.551665076468006e-003	3.889247026418540e+000
2.447474999897703e-007	1.223737499948852e+000	4.170872106698255e+000	5.000000000000000e+000	3.992856714302759e-003	4.248389046113473e+000	5.000000000000000e+000	4.999963762812486e+000	7.810921638825780e-002	2.951041911538644e+000	1.810760399307346e-003	3.872153820040184e+000
2.467006249897703e-007	1.233503124948852e+000	4.148729932302836e+000	5.000000000000000e+000	4.631855308915800e-003	4.227759719294585e+000	5.000000000000000e+000	4.999963614184217e+000	7.983654203313659e-002	2.921286742116373e+000	2.094693750007814e-003	3.854897767076416e+000
2.486537499897703e-007	1.243268749948852e+000	4.126372053788587e+000	5.000000000000000e+000	5.332660095365038e-003	4.206774224756062e+000	5.000000000000000e+000	4.999963482259101e+000	8.157371547186273e-002	2.891233561810804e+000	2.404605333792283e-003	3.837485626655815e+000
2.506068749897703e-007	1.253034374948852e+000	4.103807004495194e+000	5.000000000000000e+000	6.098661299852509e-003	4.185425545560442e+000	5.000000000000000e+000	4.999963372758895e+000	8.332038178256118e-002	2.860876967100197e+000	2.741683928619183e-003	3.819924828579667e+000
2.525599999897703e-007	1.262799999948851e+000	4.081044165171700e+000	5.000000000000000e+000	6.933451370896571e-003	4.163706231852826e+000	5.000000000000000e+000	4.999963282556575e+000	8.507618000231376e-002	2.830211187425162e+000	3.107173566434821e-003	3.802223511547142e+000
2.545131249897703e-007	1.272565624948851e+000	4.058093897575875e+000	5.000000000000000e+000	7.840837458253147e-003	4.141608406557985e+000	5.000000000000000e+000	4.999963217543378e+000	8.684074264241667e-002	2.799230193916457e+000	3.502374279274474e-003	3.784390630753998e+000
2.564662499897703e-007	1.282331249948851e+000	4.034967614218135e+000	5.000000000000000e+000	8.824864169319241e-003	4.119123698836146e+000	5.000000000000000e+000	4.999963175007101e+000	8.861369502562716e-002	2.767927554992100e+000	3.928649263385368e-003	3.766436017548233e+000
2.584193749897702e-007	1.292096874948851e+000	4.011677930516131e+000	5.000000000000000e+000	9.889830161984331e-003	4.096243243373341e+000	5.000000000000000e+000	4.999963161057973e+000	9.039465471486652e-002	2.736296532116656e+000	4.387426589428367e-003	3.748370502483684e+000
2.603724999897702e-007	1.301862499948851e+000	3.988238765908903e+000	5.000000000000000e+000	1.104031496986691e-002	4.072957607914770e+000	5.000000000000000e+000	4.999963173493160e+000	9.218323072625320e-002	2.704329940101668e+000	4.880207033103157e-003	3.730206000485110e+000
2.623256249897702e-007	1.311628124948851e+000	3.964665521515062e+000	5.000000000000000e+000	1.228120077616349e-002	4.049256784419556e+000	5.000000000000000e+000	4.999963218712951e+000	9.397902284538834e-002	2.672020229683253e+000	5.408566930928963e-003	3.711955655042523e+000
2.642787499897702e-007	1.321393749948851e+000	3.940975219107620e+000	5.000000000000000e+000	1.361770459932038e-002	4.025130109131188e+000	5.000000000000000e+000	4.999963295137239e+000	9.578162068876775e-002	2.639359350678379e+000	5.974166912754597e-003	3.693633954260071e+000
2.662318749897702e-007	1.331159374948851e+000	3.917186712938102e+000	5.000000000000000e+000	1.505540669753178e-002	4.000566243441003e+000	5.000000000000000e+000	4.999963409554112e+000	9.759060287411925e-002	2.606338820757436e+000	6.578756146719003e-003	3.675256903305077e+000
2.681849999897702e-007	1.340924999948851e+000	3.893320875012215e+000	5.000000000000000e+000	1.660028985876619e-002	3.975553084339345e+000	5.000000000000000e+000	4.999963561145194e+000	9.940553589363954e-002	2.572949589269118e+000	7.224182280471864e-003	3.656842178343364e+000
2.701381249897702e-007	1.350690624948851e+000	3.869400851907899e+000	5.000000000000000e+000	1.825877642751841e-002	3.950077732211469e+000	5.000000000000000e+000	4.999963757217636e+000	1.012259730942750e-001	2.539182091036467e+000	7.912397404467586e-003	3.638409336174063e+000
2.720912499897702e-007	1.360456249948851e+000	3.845452307199729e+000	5.000000000000000e+000	2.003777709107901e-002	3.924126388679341e+000	5.000000000000000e+000	4.999963997888260e+000	1.030514533135221e-001	2.505026108128559e+000	8.645469608614884e-003	3.619980015083980e+000
2.740443749897702e-007	1.370221874948851e+000	3.821503736783833e+000	5.000000000000000e+000	2.194473930084190e-002	3.897684307654890e+000	5.000000000000000e+000	4.999964291157156e+000	1.048814996107197e-001	2.470470806742096e+000	9.425591112795118e-003	3.601578192875369e+000
2.759974999897702e-007	1.379987499948851e+000	3.797586782217150e+000	5.000000000000000e+000	2.398770889020963e-002	3.870735676422674e+000	5.000000000000000e+000	4.999964638295641e+000	1.067156175982243e-001	2.435504593370830e+000	1.025509198735912e-002	3.583230446166205e+000
2.779506249897702e-007	1.389753124948851e+000	3.773736622847173e+000	5.000000000000000e+000	2.617487315763090e-002	3.843263539073375e+000	5.000000000000000e+000	4.999965047327953e+000	1.085532937970478e-001	2.400115126487558e+000	1.113623114139409e-002	3.564966160264346e+000
2.799037499897702e-007	1.399518749948851e+000	3.749992369825592e+000	5.000000000000000e+000	2.851612970786921e-002	3.815249683336534e+000	5.000000000000000e+000	4.999965523504020e+000	1.103939937957673e-001	2.364289187419840e+000	1.207184215791596e-002	3.546818175349138e+000
2.818568749897702e-007	1.409284374948851e+000	3.726397566640273e+000	5.000000000000000e+000	3.102230616250284e-002	3.786674487920720e+000	5.000000000000000e+000	4.999966074675140e+000	1.122371597829478e-001	2.328012625289040e+000	1.306498545776702e-002	3.528823012064885e+000
2.857631249897702e-007	1.428815624948851e+000	3.679855745525215e+000	5.000000000000000e+000	3.657387139025636e-002	3.727753770237321e+000	5.000000000000000e+000	4.999967428950546e+000	1.159285276958621e-001	2.254045666007533e+000	1.523558581812845e-002	3.493457316915634e+000
2.896693749897702e-007	1.448346874948850e+000	3.634569430908011e+000	5.000000000000000e+000	4.293203050781091e-002	3.666310612033158e+000	5.000000000000000e+000	4.999969184910222e+000	1.196223695793429e-001	2.178078069598267e+000	1.767479600622002e-002	3.459250966187774e+000
2.935756249897701e-007	1.467878124948851e+000	3.591108527256632e+000	5.000000000000000e+000	5.022141426646265e-002	3.602120268232825e+000	5.000000000000000e+000	4.999971436391459e+000	1.233130896778846e-001	2.099950555111703e+000	2.041401226144515e-002	3.426678278450158e+000
2.955287499897701e-007	1.477643749948851e+000	3.570277995125208e+000	5.000000000000000e+000	5.426174420698082e-002	3.568913289653918e+000	5.000000000000000e+000	4.999972783489279e+000	1.251553405370219e-001	2.060019249498769e+000	2.190740637659816e-002	3.411183677871198e+000
2.974818749897701e-007	1.487409374948851e+000	3.550182618978958e+000	5.000000000000000e+000	5.859485345227433e-002	3.534915297143873e+000	5.000000000000000e+000	4.999974302976369e+000	1.269943801343628e-001	2.019474522694661e+000	2.349015432853413e-002	3.396329320039885e+000
2.994349999897701e-007	1.497174999948851e+000	3.530938592520349e+000	5.000000000000000e+000	6.324576786772784e-002	3.500084239504469e+000	5.000000000000000e+000	4.999976012606782e+000	1.288292768910265e-001	1.978286771819383e+000	2.516798296473394e-002	3.382211827528097e+000
3.013881249897701e-007	1.506940624948850e+000	3.512675589897884e+000	5.000000000000000e+000	6.824264015487724e-002	3.464373691571761e+000	5.000000000000000e+000	4.999977937612695e+000	1.306590268286972e-001	1.936423301333821e+000	2.694718276747626e-002	3.368939080661360e+000
3.033412499897701e-007	1.516706249948850e+000	3.495538259069142e+000	5.000000000000000e+000	7.361730078463991e-002	3.427732169684199e+000	5.000000000000000e+000	4.999980101834732e+000	1.324825428034596e-001	1.893847749093783e+000	2.883469306477665e-002	3.356631508555588e+000
3.052943749897701e-007	1.526471874948850e+000	3.479687918259581e+000	5.000000000000000e+000	7.940592296192606e-002	3.390102372591541e+000	5.000000000000000e+000	4.999982536854485e+000	1.342986421310888e-001	1.850519515573187e+000	3.083819971041035e-002	3.345423564127993e+000
3.072474999897701e-007	1.536237499948851e+000	3.465304353254272e+000	5.000000000000000e+000	8.564985806234948e-002	3.351420200269779e+000	5.000000000000000e+000	4.999985274563466e+000	1.361060311694271e-001	1.806392932188935e+000	3.296625734209752e-002	3.335465314884643e+000
3.092006249897701e-007	1.546003124948851e+000	3.452587862576636e+000	5.000000000000000e+000	9.239666783125000e-002	3.311613616885294e+000	5.000000000000000e+000	4.999988355201205e+000	1.379032871103089e-001	1.761416354119630e+000	3.522843403005133e-002	3.326924270616268e+000
3.111537499897701e-007	1.555768749948851e+000	3.441761437484712e+000	5.000000000000000e+000	9.970144201386111e-002	3.270601188821930e+000	5.000000000000000e+000	4.999991821693950e+000	1.396888350998113e-001	1.715530903224066e+000	3.763549315519038e-002	3.319987378235408e+000
3.131068749897701e-007	1.565534374948851e+000	3.433073281562369e+000	5.000000000000000e+000	1.076284685315634e-001	3.228290323999655e+000	5.000000000000000e+000	4.999995727300703e+000	1.414609204543137e-001	1.668669002925713e+000	4.019961509335635e-002	3.314863358982343e+000
3.150599999897701e-007	1.575299999948850e+000	3.426799575592375e+000	5.000000000000000e+000	1.162534115825393e-001	3.184574994406294e+000	5.000000000000000e+000	5.000000130332445e+000	1.432175732386435e-001	1.620752396482073e+000	4.293467945931018e-002	3.311785347282085e+000
3.170131249897701e-007	1.585065624948850e+000	3.423247807780699e+000	5.000000000000000e+000	1.256661551797851e-001	3.139332891204169e+000	5.000000000000000e+000	5.000005101628571e+000	1.449565639354513e-001	1.571689717029393e+000	4.585661972256450e-002	3.311014116427788e+000
3.189662499897701e-007	1.594831249948850e+000	3.422760678101360e+000	5.000000000000000e+000	1.359746167188007e-001	3.092421684161435e+000	5.000000000000000e+000	5.000010725434599e+000	1.466753457105169e-001	1.521373215171176e+000	4.898388398962195e-002	3.312841963356579e+000
3.209193749897701e-007	1.604596874948850e+000	3.425721147371055e+000	5.000000000000000e+000	1.473099060209115e-001	3.043674167573999e+000	5.000000000000000e+000	5.000017106199474e+000	1.483709796231483e-001	1.469674564358614e+000	5.233803370463652e-002	3.317597781232607e+000
3.228724999897701e-007	1.614362499948850e+000	3.432513342150394e+000	5.000000000000000e+000	1.598330616457506e-001	2.992893283146203e+000	5.000000000000000e+000	5.000024237761014e+000	1.500400524829998e-001	1.416438124757313e+000	5.594442233088748e-002	3.325617802001488e+000
3.248256249897701e-007	1.624128124948850e+000	3.443043024325442e+000	5.000000000000000e+000	1.737458219344932e-001	2.939839893233132e+000	5.000000000000000e+000	5.000030816329740e+000	1.516785031784754e-001	1.361445370859878e+000	5.983343705065725e-002	3.336871309720715e+000
3.267787499897701e-007	1.633893749948850e+000	3.456587109711544e+000	5.000000000000000e+000	1.893061950050941e-001	2.884219259006050e+000	5.000000000000000e+000	5.000036385885038e+000	1.532814210243551e-001	1.304396937077213e+000	6.404223682278598e-002	3.350845803306215e+000
3.287318749897700e-007	1.643659374948850e+000	3.472625252651394e+000	5.000000000000000e+000	2.068496378102553e-001	2.825668196348613e+000	5.000000000000000e+000	5.000042152083649e+000	1.548428327841133e-001	1.244939550903855e+000	6.861658364803513e-002	3.367204627962599e+000
3.306849999897700e-007	1.653424999948850e+000	3.492748643764856e+000	5.000000000000000e+000	2.268173465684220e-001	2.763748045371212e+000	5.000000000000000e+000	5.000053568549676e+000	1.563555446108771e-001	1.183140155638716e+000	7.361251637820743e-002	3.387292119289995e+000
3.326381249897700e-007	1.663190624948850e+000	3.522207693553415e+000	5.000000000000000e+000	2.498173691198966e-001	2.697891724174067e+000	5.000000000000000e+000	5.000077031226811e+000	1.578103931971081e-001	1.120037902512173e+000	7.910177222117598e-002	3.415362187780206e+000
3.345912499897700e-007	1.672956249948850e+000	3.566070104496351e+000	5.000000000000000e+000	2.767379273144641e-001	2.627278468522546e+000	5.000000000000000e+000	5.000106943394686e+000	1.591945360896135e-001	1.056562093412012e+000	8.518361698320742e-002	3.455585381641289e+000
3.365443749897700e-007	1.682721874948850e+000	3.624982006799197e+000	5.000000000000000e+000	3.089178470097487e-001	2.550758167682508e+000	5.000000000000000e+000	5.000137029282373e+000	1.604902202414261e-001	9.922669257079733e-001	9.199565180954705e-002	3.508756482732618e+000
3.384974999897700e-007	1.692487499948850e+000	3.697786834616307e+000	5.000000000000000e+000	3.485179108975522e-001	2.466679898311970e+000	5.000000000000000e+000	5.000170409603799e+000	1.616721434981547e-001	9.258566852983226e-001	9.973481838957232e-002	3.574430958279097e+000
3.404506249897700e-007	1.702253124948850e+000	3.784610916717128e+000	5.000000000000000e+000	3.994006911730494e-001	2.372435446075418e+000	5.000000000000000e+000	5.000212770532306e+000	1.627008173894664e-001	8.556412923493877e-001	1.087057890597079e-001	3.653537085257797e+000
3.424037499897700e-007	1.712018749948850e+000	3.886399276073334e+000	5.000000000000000e+000	4.690792720518999e-001	2.263963155347540e+000	5.000000000000000e+000	4.999210966580854e+000	1.635147175976691e-001	7.792972052607876e-001	1.193504932811327e-001	3.647282995238971e+000
3.443568749897700e-007	1.721784374948850e+000	4.002080848391664e+000	5.000000000000000e+000	5.659952734638125e-001	2.140821342551977e+000	5.000000000000000e+000	4.987139081149009e+000	1.641010592474127e-001	6.968896637432565e-001	1.317747900847230e-001	3.502813689578385e+000
3.458159508629871e-007	1.729079754314935e+000	4.092416528973171e+000	5.000000000000000e+000	6.656631892586873e-001	2.042984175837905e+000	5.000000000000000e+000	4.950683827211353e+000	1.644336209883994e-001	6.342517249860293e-001	1.418100532772670e-001	3.409641921959949e+000
3.473614462187756e-007	1.736807231093878e+000	4.184210028060392e+000	5.000000000000000e+000	8.282639437819199e-001	1.939002846439880e+000	5.000000000000000e+000	4.800815298153069e+000	1.647507272271457e-001	5.704361401816431e-001	1.521486043077631e-001	3.320456739379132e+000
3.493145712187756e-007	1.746572856093878e+000	4.289817051509546e+000	5.000000000000000e+000	1.196718123722235e+000	1.810374117328447e+000	5.000000000000000e+000	4.100225566408085e+000	1.651582870326311e-001	4.941016506958693e-001	1.626486269347994e-001	2.981855519806402e+000
3.500337904363431e-007	1.750168952181716e+000	4.302704259411165e+000	5.000000000000000e+000	1.489500863565155e+000	1.762954455195690e+000	5.000000000000000e+000	2.865022728645727e+000	1.652982416874530e-001	4.662807644576841e-001	1.634148644803240e-001	2.195601357876058e+000
3.503579946331442e-007	1.751789973165721e+000	4.313670991732685e+000	5.000000000000000e+000	1.707092166027735e+000	1.743429911617643e+000	5.000000000000000e+000	1.569879363809605e+000	1.653840494304633e-001	4.550909949332915e-001	1.629386772678638e-001	1.216602134352797e+000
3.505166928682045e-007	1.752583464341022e+000	4.336310386371636e+000	5.000000000000000e+000	1.835703706048662e+000	1.734919730014486e+000	5.000000000000000e+000	1.001305014924810e+000	1.654412578409776e-001	4.506315574682951e-001	1.628419014867315e-001	7.530332247656588e-001
3.507001334979215e-007	1.753500667489607e+000	4.357901194717098e+000	5.000000000000000e+000	2.001980563378538e+000	1.723137018331698e+000	5.000000000000000e+000	7.141052992108143e-001	1.654790390340741e-001	4.443392826447496e-001	1.624661750444777e-001	5.131260181903485e-001
3.508328325928821e-007	1.754164162964411e+000	4.366436333654196e+000	5.000000000000000e+000	2.129811100050347e+000	1.714114212555462e+000	5.000000000000000e+000	5.860462923001819e-001	1.654985335916015e-001	4.393573650700606e-001	1.621552564138599e-001	4.098255739026797e-001
3.509774202229186e-007	1.754887101114593e+000	4.377504352477420e+000	5.000000000000000e+000	2.262397688486999e+000	1.704375530059657e+000	5.000000000000000e+000	4.849577171721364e-001	1.655211885075009e-001	4.340622298687062e-001	1.616895415633173e-001	3.310519643187462e-001
3.511975561212469e-007	1.755987780606234e+000	4.391165510748291e+000	5.000000000000000e+000	2.440901817320679e+000	1.688347006268494e+000	5.000000000000000e+000	3.800414450747809e-001	1.655374103754352e-001	4.253110392770427e-001	1.603347585643142e-001	2.518934761657619e-001
3.514200841243338e-007	1.757100420621669e+000	4.405200979176058e+000	5.000000000000000e+000	2.590566850959675e+000	1.672192425115259e+000	5.000000000000000e+000	3.069740743735991e-001	1.655539227534822e-001	4.165481256855550e-001	1.585158990618329e-001	1.984279215791673e-001
3.516480550846103e-007	1.758240275423051e+000	4.418469111984301e+000	5.000000000000000e+000	2.714031670142390e+000	1.655866504466353e+000	5.000000000000000e+000	2.578875444766453e-001	1.655732701921340e-001	4.077401032508998e-001	1.562733471835864e-001	1.636973191779489e-001
3.520022778109692e-007	1.760011389054846e+000	4.438050724663597e+000	5.000000000000000e+000	2.869280925144381e+000	1.631297101990615e+000	5.000000000000000e+000	2.067670548746534e-001	1.656131246345323e-001	3.946134266095136e-001	1.524604750262073e-001	1.286551735853223e-001
3.527107232636872e-007	1.763553616318436e+000	4.475084652556422e+000	5.000000000000000e+000	3.122920063608490e+000	1.583160334211559e+000	5.000000000000000e+000	1.398838317704865e-001	1.657030508717901e-001	3.692626546798667e-001	1.443006713583781e-001	8.442598124949541e-002
3.534545808944373e-007	1.767272904472186e+000	4.512149817931114e+000	5.000000000000000e+000	3.338538578354687e+000	1.533414165614371e+000	5.000000000000000e+000	9.622323741527694e-002	1.658013567074201e-001	3.437012300329219e-001	1.353419887548686e-001	5.664019744496862e-002
3.549422961559377e-007	1.774711480779689e+000	4.582390317433594e+000	5.000000000000000e+000	3.683661005014614e+000	1.435128612301185e+000	5.000000000000000e+000	4.755400564480183e-002	1.659939993226544e-001	2.949666981619181e-001	1.170253141997284e-001	2.714121469452513e-002
3.564609329555446e-007	1.782304664777723e+000	4.647955202474654e+000	5.000000000000000e+000	3.964692428787380e+000	1.338940059243804e+000	5.000000000000000e+000	2.043200693770286e-002	1.661262437397815e-001	2.492762381413005e-001	9.909336106909938e-002	1.132344325472778e-002
3.580118079985605e-007	1.790059039992803e+000	4.701095345458430e+000	5.000000000000000e+000	4.167701872942057e+000	1.256691562326214e+000	5.000000000000000e+000	8.257906354523836e-003	1.660371190323470e-001	2.119787163942810e-001	8.407862041386460e-002	4.498865137575914e-003
3.599649329985605e-007	1.799824664992803e+000	4.746216021017578e+000	5.000000000000000e+000	4.326462352570882e+000	1.182626468181146e+000	5.000000000000000e+000	2.611955648540165e-003	1.655938807205813e-001	1.798166015691773e-001	7.103444025362848e-002	1.410226056779429e-003
3.619180579985605e-007	1.809590289992803e+000	4.776733164891498e+000	5.000000000000000e+000	4.427416702433595e+000	1.129455867725237e+000	5.000000000000000e+000	7.508822709203222e-004	1.649629732572521e-001	1.576454905047000e-001	6.206018226569476e-002	4.132624971399379e-004
3.638711829985605e-007	1.819355914992802e+000	4.800096427901151e+000	5.000000000000000e+000	4.501201113963012e+000	1.086758411755780e+000	5.000000000000000e+000	1.730727748613138e-004	1.642301683627577e-001	1.405024955112610e-001	5.514705501460382e-002	1.049949350349928e-004
3.658243079985605e-007	1.829121539992803e+000	4.819336676517890e+000	5.000000000000000e+000	4.559780065330921e+000	1.050212697197524e+000	5.000000000000000e+000	5.090055224862573e-005	1.634337789512036e-001	1.263317716917531e-001	4.945515229749498e-002	3.863143354199171e-005
3.677774329985605e-007	1.838887164992803e+000	4.835728123904808e+000	5.000000000000000e+000	4.608116595135348e+000	1.017963041543460e+000	5.000000000000000e+000	3.822488642046731e-005	1.625936622740718e-001	1.142435449499057e-001	4.461844151368444e-002	2.978292887189640e-005
3.697305579985605e-007	1.848652789992803e+000	4.850031938078744e+000	5.000000000000000e+000	4.649107606219361e+000	9.888993986487646e-001	5.000000000000000e+000	3.412853123096853e-005	1.617204883010483e-001	1.037056267519700e-001	4.041775561262273e-002	2.627103468332958e-005
3.716836829985605e-007	1.858418414992803e+000	4.862697718593234e+000	5.000000000000000e+000	4.684459208071051e+000	9.623514907674382e-001	5.000000000000000e+000	2.899454445935354e-005	1.608220936474137e-001	9.439398802770094e-002	3.671896722217916e-002	2.232564033988844e-005
3.736368079985605e-007	1.868184039992802e+000	4.874050561349016e+000	5.000000000000000e+000	4.715377712652966e+000	9.378363984463674e-001	5.000000000000000e+000	2.643920824866447e-005	1.599032488084698e-001	8.607570184848434e-002	3.342584721836650e-002	2.013963964654251e-005
3.755899329985605e-007	1.877949664992802e+000	4.884308858172618e+000	5.000000000000000e+000	4.742675194560341e+000	9.150223043429291e-001	5.000000000000000e+000	2.303561846376395e-005	1.589680520859983e-001	7.858920114034085e-002	3.047132189650764e-002	1.754949192056825e-005
3.775430579985605e-007	1.887715289992802e+000	4.893645715040576e+000	5.000000000000000e+000	4.766980481108843e+000	8.936481005071326e-001	5.000000000000000e+000	2.127671573450615e-005	1.580191206076387e-001	7.180782937030772e-002	2.780303459547434e-002	1.604746709731476e-005
3.794961829985605e-007	1.897480914992802e+000	4.902185986053484e+000	5.000000000000000e+000	4.788749894944433e+000	8.735209925247922e-001	5.000000000000000e+000	1.883623449199044e-005	1.570589363551418e-001	6.563705912040674e-002	2.538171041450016e-002	1.420696966959885e-005
3.814493079985605e-007	1.907246539992802e+000	4.910035628211785e+000	5.000000000000000e+000	4.808356244891479e+000	8.544811375318528e-001	5.000000000000000e+000	1.754872137667155e-005	1.560891181452534e-001	5.999891923713818e-002	2.317515578771801e-002	1.310904924826961e-005
3.834024329985605e-007	1.917012164992802e+000	4.917271970171605e+000	5.000000000000000e+000	4.826083774552306e+000	8.364048448573209e-001	5.000000000000000e+000	1.569915184592742e-005	1.551113115719991e-001	5.483234061239251e-002	2.115801851823929e-002	1.172693975350276e-005
3.853555579985605e-007	1.926777789992802e+000	4.923963061190166e+000	5.000000000000000e+000	4.842172997995539e+000	8.191859815464775e-001	5.000000000000000e+000	1.471121767493205e-005	1.541266022460157e-001	5.008524254542723e-002	1.930885495889878e-002	1.088560885685076e-005
3.873086829985605e-007	1.936543414992803e+000	4.930162751248259e+000	5.000000000000000e+000	4.856813925841647e+000	8.027396398959477e-001	5.000000000000000e+000	1.325798925156177e-005	1.531361535848348e-001	4.571541398681911e-002	1.761017453971719e-002	9.808537785876417e-006
3.892618079985604e-007	1.946309039992802e+000	4.935919307918266e+000	5.000000000000000e+000	4.870171352799755e+000	7.869911509815619e-001	5.000000000000000e+000	1.247587769221932e-005	1.521407348599364e-001	4.168599754717040e-002	1.604685936847994e-002	9.143234516683719e-006
3.912149329985604e-007	1.956074664992802e+000	4.941271101818477e+000	5.000000000000000e+000	4.882379039606932e+000	7.718792743084801e-001	5.000000000000000e+000	1.130009146790238e-005	1.511412074937422e-001	3.796632600720473e-002	1.460624214304618e-002	8.278707208848142e-006
3.931680579985604e-007	1.965840289992802e+000	4.946252799338816e+000	5.000000000000000e+000	4.893555105788732e+000	7.573491613060686e-001	5.000000000000000e+000	1.066402918911821e-005	1.501381405920870e-001	3.452915516364108e-002	1.327720380627015e-002	7.738225505628249e-006
3.951211829985604e-007	1.975605914992802e+000	4.950892929044223e+000	5.000000000000000e+000	4.903797825188416e+000	7.433549469188923e-001	5.000000000000000e+000	9.691064066656534e-006	1.491321956768483e-001	3.135134267645545e-002	1.205022475329051e-002	7.028391213194612e-006
3.970743079985604e-007	1.985371539992802e+000	4.955217610545442e+000	5.000000000000000e+000	4.913197816241716e+000	7.298549719915508e-001	5.000000000000000e+000	9.165020000602084e-006	1.481238089057445e-001	2.841205984423267e-002	1.091685627942984e-002	6.581885298161680e-006
3.990274329985604e-007	1.995137164992802e+000	4.959248749666276e+000	5.000000000000000e+000	4.921824634953897e+000	7.168138168328455e-001	5.000000000000000e+000	8.340121442251564e-006	1.471134979211252e-001	2.569330319695684e-002	9.869726050584171e-003	5.983704963883046e-006
4.009805579985604e-007	2.004902789992802e+000	4.963006585792178e+000	5.000000000000000e+000	4.929743561161327e+000	7.041990028881722e-001	5.000000000000000e+000	7.895120286803906e-006	1.461016100504565e-001	2.317871519568882e-002	8.902240039869391e-003	5.606344478574152e-006
4.029336829985604e-007	2.014668414992802e+000	4.966508373580849e+000	5.000000000000000e+000	4.937014983181163e+000	6.919825397888686e-001	5.000000000000000e+000	7.191627926783194e-006	1.450885642262066e-001	2.085395033641269e-002	8.008563535976093e-003	5.100385499584689e-006
4.048868079985604e-007	2.024434039992802e+000	4.969770184553255e+000	5.000000000000000e+000	4.943691091536500e+000	6.801384960405286e-001	5.000000000000000e+000	6.810665114862814e-006	1.440746359038247e-001	1.870586370596572e-002	7.183438210511872e-003	4.777637806386344e-006
4.068399329985604e-007	2.034199664992802e+000	4.972805911504132e+000	5.000000000000000e+000	4.949817403536047e+000	6.686443117923626e-001	5.000000000000000e+000	6.200842511698904e-006	1.430601715442214e-001	1.672279105044666e-002	6.422148732107003e-003	4.342148907696673e-006
4.087930579985604e-007	2.043965289992802e+000	4.975628567093457e+000	5.000000000000000e+000	4.955435493017532e+000	6.574789162285528e-001	5.000000000000000e+000	5.870833801966107e-006	1.420453960417294e-001	1.489397460845210e-002	5.720426877857759e-003	4.062831454258839e-006
4.107461829985604e-007	2.053730914992802e+000	4.978249766602435e+000	5.000000000000000e+000	4.960582229481427e+000	6.466238131212005e-001	5.000000000000000e+000	6.071874802545795e-006	1.410305997635445e-001	1.320975650640349e-002	5.074382275176134e-003	4.120547128742412e-006
4.126993079985604e-007	2.063496539992802e+000	4.980680012765165e+000	5.000000000000000e+000	4.965291080185367e+000	6.360616101244214e-001	5.000000000000000e+000	6.521348808653620e-006	1.400159685582469e-001	1.166120115883518e-002	4.480515159890702e-003	4.314811640755202e-006
4.146524329985604e-007	2.073262164992802e+000	4.982928595978933e+000	5.000000000000000e+000	4.969591834475404e+000	6.257769259221031e-001	5.000000000000000e+000	6.036361496744927e-006	1.390017494253701e-001	1.024021935377162e-002	3.935616205739623e-003	3.962611196773030e-006
4.166055579985604e-007	2.083027789992802e+000	4.985004701570935e+000	5.000000000000000e+000	4.973512335187953e+000	6.157552157577912e-001	5.000000000000000e+000	5.768775403111690e-006	1.379880987070024e-001	8.939263884841620e-003	3.436733227160163e-003	3.727761763766785e-006
4.185586829985604e-007	2.092793414992801e+000	4.986916382082584e+000	5.000000000000000e+000	4.977077429295633e+000	6.059835258924322e-001	5.000000000000000e+000	5.338581006239344e-006	1.369752281884981e-001	7.751449172092972e-003	2.981147661683323e-003	3.416718696732887e-006
4.205118079985604e-007	2.102559039992801e+000	4.988671230095656e+000	5.000000000000000e+000	4.980310098265631e+000	5.964495498700559e-001	5.000000000000000e+000	5.102571706438151e-006	1.359632707706588e-001	6.670348854025177e-003	2.566380185008724e-003	3.208872225143769e-006
4.224649329985604e-007	2.112324664992802e+000	4.990276149157595e+000	5.000000000000000e+000	4.983231160611775e+000	5.871422628084315e-001	5.000000000000000e+000	4.717961452703912e-006	1.349524104300711e-001	5.690045020076057e-003	2.190114994161593e-003	2.931771099957828e-006
4.244180579985603e-007	2.122090289992802e+000	4.991737650465996e+000	5.000000000000000e+000	4.985859927842000e+000	5.780511453204689e-001	5.000000000000000e+000	4.508023382769101e-006	1.339427610808771e-001	4.805001787765578e-003	1.850238209251190e-003	2.746115877520880e-006
4.263711829985603e-007	2.131855914992802e+000	4.993061721391519e+000	5.000000000000000e+000	4.988214016953121e+000	5.691667250315733e-001	5.000000000000000e+000	4.161947994676604e-006	1.329344840291093e-001	4.010083571035300e-003	1.544758806061017e-003	2.497659042316339e-006
4.283243079985603e-007	2.141621539992802e+000	4.994254005947807e+000	5.000000000000000e+000	4.990309810100847e+000	5.604799291588769e-001	5.000000000000000e+000	3.973952698855567e-006	1.319276777481935e-001	3.300478497613224e-003	1.271858825135426e-003	2.330779821710393e-006
4.302774329985603e-007	2.151387164992802e+000	4.995319751394570e+000	5.000000000000000e+000	4.992162346417628e+000	5.519825507157357e-001	5.000000000000000e+000	3.660794791062339e-006	1.309224848339349e-001	2.671691731429018e-003	1.029812410749842e-003	2.106747635803835e-006
4.322305579985603e-007	2.161152789992802e+000	4.996263897973856e+000	5.000000000000000e+000	4.993785640920871e+000	5.436667019335046e-001	5.000000000000000e+000	3.491461119890967e-006	1.299189910552349e-001	2.119507365680159e-003	8.170440398767923e-004	1.955919859355235e-006
4.341836829985603e-007	2.170918414992802e+000	4.997091649162586e+000	5.000000000000000e+000	4.995192632584590e+000	5.355252201355909e-001	5.000000000000000e+000	3.207246318596892e-006	1.289173236807524e-001	1.639961642904128e-003	6.320467843363431e-004	1.753709643354017e-006
4.361368079985603e-007	2.180684039992802e+000	4.997806821883116e+000	5.000000000000000e+000	4.996395402872928e+000	5.275511946727551e-001	5.000000000000000e+000	3.052074666616122e-006	1.279175570806286e-001	1.229334470719906e-003	4.734457477443936e-004	1.615960254396131e-006
4.380899329985603e-007	2.190449664992801e+000	4.998413376152096e+000	5.000000000000000e+000	4.997405160041566e+000	5.197383342549269e-001	5.000000000000000e+000	2.791497828599776e-006	1.269198060523507e-001	8.841067265697167e-004	3.398954380513033e-004	1.431723872541207e-006
4.400430579985603e-007	2.200215289992801e+000	4.998915371449240e+000	5.000000000000000e+000	4.998232391060759e+000	5.120805490617877e-001	5.000000000000000e+000	2.649965620492821e-006	1.259241362240145e-001	6.009756471458821e-004	2.302097461142523e-004	1.306288471701351e-006
4.419961829985603e-007	2.209980914992801e+000	4.999316270953945e+000	5.000000000000000e+000	4.998887234522891e+000	5.045722753584281e-001	5.000000000000000e+000	2.411186976767742e-006	1.249306508817698e-001	3.767979591685899e-004	1.432318240591392e-004	1.137738291030104e-006
4.439493079985603e-007	2.219746539992801e+000	4.999619785847891e+000	5.000000000000000e+000	4.999378492590724e+000	4.972081146394325e-001	5.000000000000000e+000	2.282417070707983e-006	1.239394081092630e-001	2.086248675990249e-004	7.788262035903111e-005	1.022768068308002e-006
4.459024329985603e-007	2.229512164992801e+000	4.999829203678958e+000	5.000000000000000e+000	4.999714397917750e+000	4.899831204522160e-001	5.000000000000000e+000	2.062667447754341e-006	1.229505015538703e-001	9.363383016807239e-005	3.312585092136999e-005	8.678343507743328e-007
4.478555579985603e-007	2.239277789992801e+000	4.999948063551704e+000	5.000000000000000e+000	4.999903565927841e+000	4.828924851948215e-001	5.000000000000000e+000	1.946153273666394e-006	1.219639836551254e-001	2.903914998158164e-005	7.975673578497142e-006	7.631125481305165e-007
4.498086829985603e-007	2.249043414992801e+000	4.999993112080185e+000	5.000000000000000e+000	4.999975820395948e+000	4.759318285462841e-001	5.000000000000000e+000	1.766987703352100e-006	1.209799487267068e-001	4.865315212789195e-006	-1.564264592764542e-006	6.472062153649837e-007
4.517618079985603e-007	2.258809039992801e+000	5.000000867486870e+000	5.000000000000000e+000	4.999987138943570e+000	4.690968597598244e-001	5.000000000000000e+000	1.720869474992198e-006	1.199984470858055e-001	8.941863659757746e-007	-2.964830741491000e-006	6.154456167556605e-007
4.623644865699890e-007	2.311822432849945e+000	5.000001587104383e+000	5.000000000000000e+000	4.999988267787839e+000	4.347992937113230e-001	5.000000000000000e+000	1.674813027055031e-006	1.147040643893368e-001	1.462592799353401e-006	-2.713855599267054e-006	5.581989687275690e-007
4.729671651414177e-007	2.364835825707088e+000	5.000002240568139e+000	5.000000000000000e+000	4.999989295592432e+000	4.027056795623836e-001	5.000000000000000e+000	1.634439659825530e-006	1.095081223687245e-001	1.959641069901264e-006	-2.486098269043199e-006	5.077321947050162e-007
4.835698437128465e-007	2.417849218564232e+000	5.000002827878140e+000	5.000000000000000e+000	4.999990222357350e+000	3.728160173130060e-001	5.000000000000000e+000	1.599749373303693e-006	1.044106210239685e-001	2.385331177619366e-006	-2.281558750819435e-006	4.640452946880018e-007
4.941725222842752e-007	2.470862611421376e+000	5.000003349034384e+000	5.000000000000000e+000	4.999991048082592e+000	3.451303069631906e-001	5.000000000000000e+000	1.570742167489523e-006	9.941156035506904e-002	2.739663122507702e-006	-2.100237044595764e-006	4.271382686765266e-007
5.047752008557040e-007	2.523876004278520e+000	5.000003804036872e+000	5.000000000000000e+000	4.999991772768160e+000	3.196485485129370e-001	5.000000000000000e+000	1.547418042383017e-006	9.451094036202588e-002	3.022636904566279e-006	-1.942133150372182e-006	3.970111166705898e-007
5.153778794271328e-007	2.576889397135664e+000	5.000004192885603e+000	5.000000000000000e+000	4.999992396414053e+000	2.963707419622453e-001	5.000000000000000e+000	1.529776997984177e-006	8.970876104483910e-002	3.234252523795092e-006	-1.807247068148692e-006	3.736638386701917e-007
5.259805579985614e-007	2.629902789992807e+000	5.000004515580580e+000	5.000000000000000e+000	4.999992919020270e+000	2.752968873111158e-001	5.000000000000000e+000	1.517819034293003e-006	8.500502240350877e-002	3.374509980194141e-006	-1.695578797925295e-006	3.570964346753325e-007
5.298868079985615e-007	2.649434039992808e+000	5.000004637292225e+000	5.000000000000000e+000	4.999993108364727e+000	2.676690909583570e-001	5.000000000000000e+000	1.509286547359207e-006	8.330409477465342e-002	3.430925783326288e-006	-1.653275904010419e-006	3.491829861836798e-007
5.432796651414190e-007	2.716398325707095e+000	5.000005012234290e+000	5.000000000000000e+000	4.999993684335649e+000	2.433158990542118e-001	5.000000000000000e+000	1.476339402322245e-006	7.758089729417562e-002	3.581925240549552e-006	-1.522601271625358e-006	3.232650303631078e-007
5.566725222842765e-007	2.783362611421382e+000	5.000005362128260e+000	5.000000000000000e+000	4.999994216865868e+000	2.205362302399305e-001	5.000000000000000e+000	1.444168784508597e-006	7.205053228774402e-002	3.710797231140858e-006	-1.401486844332524e-006	2.996670693063078e-007
5.700653794271340e-007	2.850326897135670e+000	5.000005686974137e+000	5.000000000000000e+000	4.999994705955387e+000	1.993300845155132e-001	5.000000000000000e+000	1.412774693918263e-006	6.671299975535860e-002	3.817541755100206e-006	-1.289932622131916e-006	2.783891030132797e-007
5.834582365699915e-007	2.917291182849958e+000	5.000005986771920e+000	5.000000000000000e+000	4.999995151604202e+000	1.796974618809599e-001	5.000000000000000e+000	1.382157130551243e-006	6.156829969701939e-002	3.902158812427596e-006	-1.187938605023535e-006	2.594311314840237e-007
5.968510937128488e-007	2.984255468564244e+000	5.000006261521610e+000	5.000000000000000e+000	4.999995553812314e+000	1.616383623362707e-001	5.000000000000000e+000	1.352316094407538e-006	5.661643211272639e-002	3.964648403123030e-006	-1.095504793007381e-006	2.427931547185399e-007
6.102439508557064e-007	3.051219754278532e+000	5.000006511223205e+000	5.000000000000000e+000	4.999995912579725e+000	1.451527858814452e-001	5.000000000000000e+000	1.323251585487146e-006	5.185739700247952e-002	4.005010527186505e-006	-1.012631186083453e-006	2.284751727168278e-007
6.236368079985638e-007	3.118184039992819e+000	5.000006735876708e+000	5.000000000000000e+000	4.999996227906433e+000	1.302407325164840e-001	5.000000000000000e+000	1.294963603790068e-006	4.729119436627892e-002	4.023245184618023e-006	-9.393177842517524e-007	2.164771854788880e-007
6.375877008557070e-007	3.187938504278535e+000	5.000006966842073e+000	5.000000000000000e+000	4.999996537051866e+000	1.157479769362843e-001	5.000000000000000e+000	1.260253111760005e-006	4.275297217260203e-002	4.038300443691080e-006	-8.657016670426219e-007	2.015534244398100e-007
6.515385937128502e-007	3.257692968564251e+000	5.000007192538981e+000	5.000000000000000e+000	4.999996829003160e+000	1.022530080275879e-001	5.000000000000000e+000	1.226817651698541e-006	3.843991058121395e-002	4.047628177473902e-006	-7.960260910851564e-007	1.878180311804231e-007
6.654894865699935e-007	3.327447432849967e+000	5.000007412967433e+000	5.000000000000000e+000	4.999997103760315e+000	8.975582579039500e-002	5.000000000000000e+000	1.194657223605678e-006	3.435200959211466e-002	4.051228385966489e-006	-7.302910563793553e-007	1.752710057007272e-007
6.794403794271366e-007	3.397201897135683e+000	5.000007628127428e+000	5.000000000000000e+000	4.999997361323331e+000	7.825643022470559e-002	5.000000000000000e+000	1.163771827481414e-006	3.048926920530422e-002	4.049101069168841e-006	-6.684965629252194e-007	1.639123480007225e-007
6.933912722842798e-007	3.466956361421399e+000	5.000007838018966e+000	5.000000000000000e+000	4.999997601692207e+000	6.775482133051965e-002	5.000000000000000e+000	1.134161463325751e-006	2.685168942078259e-002	4.041246227080958e-006	-6.106426107227486e-007	1.537420580804089e-007
7.073421651414230e-007	3.536710825707115e+000	5.000008042642048e+000	5.000000000000000e+000	4.999997824866942e+000	5.825099910783715e-002	5.000000000000000e+000	1.105826131138687e-006	2.343927023854977e-002	4.027663859702842e-006	-5.567291997719425e-007	1.447601359397864e-007
7.212930579985662e-007	3.606465289992831e+000	5.000008241996672e+000	5.000000000000000e+000	4.999998030847540e+000	4.974496355665811e-002	5.000000000000000e+000	1.078765830920224e-006	2.025201165860577e-002	4.008353967034489e-006	-5.067563300728014e-007	1.369665815788550e-007
7.332908258557093e-007	3.666454129278547e+000	5.000008414479170e+000	5.000000000000000e+000	4.999998201024532e+000	4.300638723525798e-002	5.000000000000000e+000	1.053048538660804e-006	1.769645268325079e-002	4.012837864216729e-006	-4.487300545373462e-007	1.290086284680923e-007
7.452885937128525e-007	3.726442968564263e+000	5.000008587927630e+000	5.000000000000000e+000	4.999998365023065e+000	3.679198706645095e-002	5.000000000000000e+000	1.027936097676818e-006	1.531254027751394e-002	4.015558868406763e-006	-3.922886133767837e-007	1.214294263484646e-007
7.572863615699957e-007	3.786431807849979e+000	5.000008762342049e+000	5.000000000000000e+000	4.999998522843137e+000	3.110176305023699e-002	5.000000000000000e+000	1.003428507968265e-006	1.310027444139519e-002	4.016516979604593e-006	-3.374320065911138e-007	1.142289752199717e-007
7.692841294271388e-007	3.846420647135694e+000	5.000008937722431e+000	5.000000000000000e+000	4.999998674484750e+000	2.593571518661620e-002	5.000000000000000e+000	9.795257695351454e-007	1.105965517489459e-002	4.015712197810216e-006	-2.841602341803371e-007	1.074072750826140e-007
7.812818972842820e-007	3.906409486421409e+000	5.000009114068772e+000	5.000000000000000e+000	4.999998819947901e+000	2.129384347558852e-002	5.000000000000000e+000	9.562278823774597e-007	9.190682478012115e-003	4.013144523023635e-006	-2.324732961444533e-007	1.009643259363911e-007
7.932796651414251e-007	3.966398325707125e+000	5.000009291381073e+000	5.000000000000000e+000	4.999998959232594e+000	1.717614791715396e-002	5.000000000000000e+000	9.335348464952077e-007	7.493356350747760e-003	4.008813955244848e-006	-1.823711924834623e-007	9.490012778130332e-008
8.052774329985682e-007	4.026387164992840e+000	5.000009469659334e+000	5.000000000000000e+000	4.999999092338827e+000	1.358262851131251e-002	5.000000000000000e+000	9.114466618883894e-007	5.967676793101534e-003	4.002720494473856e-006	-1.338539231973641e-007	8.921468061735046e-008
8.147640401414256e-007	4.073820200707128e+000	5.000009614525717e+000	5.000000000000000e+000	4.999999195727774e+000	1.104792803888752e-002	5.000000000000000e+000	8.968483984851248e-007	4.884396724607755e-003	3.967220454751334e-006	-1.200873807412166e-007	8.614471461377912e-008
8.242506472842830e-007	4.121253236421415e+000	5.000009761479090e+000	5.000000000000000e+000	4.999999296742375e+000	8.779578312920117e-003	5.000000000000000e+000	8.819767617292809e-007	3.909630769012254e-003	3.932199289149441e-006	-1.065733784516841e-007	8.293058590257308e-008
8.337372544271404e-007	4.168686272135703e+000	5.000009910519450e+000	5.000000000000000e+000	4.999999395382629e+000	6.777579333410309e-003	5.000000000000000e+000	8.668317516208577e-007	3.043378926315028e-003	3.897656997668176e-006	-9.331191632876673e-008	7.957229448373234e-008
8.432238615699978e-007	4.216119307849990e+000	5.000010061646800e+000	5.000000000000000e+000	4.999999491648535e+000	5.041931100358091e-003	5.000000000000000e+000	8.514133681598553e-007	2.285641196516078e-003	3.863593580307538e-006	-8.030299437246451e-008	7.606984035725692e-008
8.527104687128551e-007	4.263552343564276e+000	5.000010214861138e+000	5.000000000000000e+000	4.999999585540094e+000	3.572633613763476e-003	5.000000000000000e+000	8.357216113462736e-007	1.636417579615413e-003	3.830009037067530e-006	-6.754661258277754e-008	7.242322352314685e-008
8.621970758557125e-007	4.310985379278563e+000	5.000010370162466e+000	5.000000000000000e+000	4.999999677057305e+000	2.369686873626434e-003	5.000000000000000e+000	8.197564811801125e-007	1.095708075613016e-003	3.796903367948150e-006	-5.504277095970555e-008	6.863244398140203e-008
8.716836829985698e-007	4.358418414992848e+000	5.000010527550781e+000	5.000000000000000e+000	4.999999766200170e+000	1.433090879946974e-003	5.000000000000000e+000	8.035179776613721e-007	6.635126845088990e-004	3.764276572949398e-006	-4.279146950324865e-008	6.469750173202253e-008
8.736368079985699e-007	4.368184039992848e+000	5.000010562664848e+000	5.000000000000000e+000	4.999999785270113e+000	1.267993642005846e-003	5.000000000000000e+000	8.058592435040285e-007	5.880716100095870e-004	3.758045399731582e-006	-4.063923701074293e-008	6.677541783726244e-008
8.755899329985699e-007	4.377949664992848e+000	5.000010593621099e+000	5.000000000000000e+000	4.999999802628788e+000	1.113308410788105e-003	5.000000000000000e+000	7.976136873627266e-007	5.172419790784380e-004	3.751051386183684e-006	-3.784509114177306e-008	6.347282443641255e-008
8.775430579985700e-007	4.387715289992850e+000	5.000010628970406e+000	5.000000000000000e+000	4.999999821531826e+000	9.689874926810949e-004	5.000000000000000e+000	7.999420062912259e-007	4.510216796277423e-004	3.744852530175534e-006	-3.571357737226246e-008	6.554021488703156e-008
8.794961829985700e-007	4.397480914992850e+000	5.000010660185991e+000	5.000000000000000e+000	4.999999838751920e+000	8.349920794682858e-004	5.000000000000000e+000	7.917555550865808e-007	3.894134063235320e-004	3.737912466855541e-006	-3.293933253643877e-008	6.226962146138821e-008
8.814493079985701e-007	4.407246539992850e+000	5.000010695776682e+000	5.000000000000000e+000	4.999999857492856e+000	7.112755718547276e-004	5.000000000000000e+000	7.940710072995745e-007	3.324151049699277e-004	3.731746077158897e-006	-3.082808810261721e-008	6.432647220748142e-008
8.834024329985701e-007	4.417012164992850e+000	5.000010727256500e+000	5.000000000000000e+000	4.999999874576558e+000	5.977997963827961e-004	5.000000000000000e+000	7.859432015421518e-007	2.800293257496436e-004	3.724859295080018e-006	-2.807352250553476e-008	6.108753471118075e-008
8.853555579985702e-007	4.426777789992852e+000	5.000010763094704e+000	5.000000000000000e+000	4.999999893159981e+000	4.945192127845596e-004	5.000000000000000e+000	7.882458817019822e-007	2.322540688629235e-004	3.718725496604870e-006	-2.598211307786865e-008	6.313384179194078e-008
8.873086829985702e-007	4.436543414992852e+000	5.000010794843764e+000	5.000000000000000e+000	4.999999910109505e+000	4.013962682202985e-004	5.000000000000000e+000	7.801762629232323e-007	1.890917444210861e-004	3.711891338888988e-006	-2.324700900509046e-008	5.992621577774720e-008
8.892618079985703e-007	4.446309039992851e+000	5.000010830935574e+000	5.000000000000000e+000	4.999999928539796e+000	3.183864475575088e-004	5.000000000000000e+000	7.824662782783109e-007	1.505404036940550e-004	3.705790233823771e-006	-2.117501486549329e-008	6.196198422609486e-008
8.912149329985703e-007	4.456074664992853e+000	5.000010862958969e+000	5.000000000000000e+000	4.999999945357367e+000	2.454528047423632e-004	5.000000000000000e+000	7.744543892658409e-007	1.166023209423859e-004	3.699008055324887e-006	-1.845915879780105e-008	5.878532532158315e-008
8.931680579985704e-007	4.465840289992851e+000	5.000010899310485e+000	5.000000000000000e+000	4.999999963638735e+000	1.825518172181330e-004	5.000000000000000e+000	7.767318579584258e-007	8.727559533927738e-005	3.692939724523997e-006	-1.640617373936470e-008	6.081056825809911e-008
8.951211829985704e-007	4.475605914992852e+000	5.000010931613421e+000	5.000000000000000e+000	4.999999980326598e+000	1.296471321906995e-004	5.000000000000000e+000	7.687772428472892e-007	6.256236933382779e-005	3.686208891476462e-006	-1.370935574368786e-008	5.766453251601330e-008
8.970743079985705e-007	4.485371539992852e+000	5.000010968230740e+000	5.000000000000000e+000	4.999999998463063e+000	8.669618839071171e-005	5.000000000000000e+000	7.710422924051431e-007	4.246078698754048e-005	3.680173395762916e-006	-1.167498694414944e-008	5.967927021657956e-008
8.990274329985705e-007	4.495137164992852e+000	5.000011000818503e+000	5.000000000000000e+000	5.000000015023465e+000	5.366321305498058e-005	5.000000000000000e+000	7.631444969083412e-007	2.697286280568551e-005	3.673493285449404e-006	-8.997001057542192e-009	5.656351450769473e-008
9.009805579985706e-007	4.504902789992852e+000	5.000011037707701e+000	5.000000000000000e+000	5.000000033018884e+000	3.050657616323477e-005	5.000000000000000e+000	7.653972628764681e-007	1.609678287405134e-005	3.667490666878375e-006	-6.980868667022934e-009	5.856777361712157e-008
9.029336829985706e-007	4.514668414992852e+000	5.000011015059123e+000	5.000000000000000e+000	5.000000049358729e+000	1.716489815896784e-005	5.000000000000000e+000	7.574742789306834e-007	9.822085568874078e-006	3.660847077165168e-006	-4.333674168762076e-009	5.540277483605163e-008
9.048868079985707e-007	4.524434039992853e+000	5.000010712121341e+000	5.000000000000000e+000	5.000000061623378e+000	1.203246008368224e-005	5.000000000000000e+000	7.593175074059166e-007	7.407462979939128e-006	3.654066636796703e-006	-3.062704142544042e-009	5.706598040866682e-008
9.157685044271424e-007	4.578842522135711e+000	5.000010947880652e+000	5.000000000000000e+000	5.000000060114360e+000	1.157536300078889e-005	5.000000000000000e+000	7.369489116514369e-007	7.217668273783621e-006	3.605871383257434e-006	-2.568490602099686e-009	5.424754181941251e-008
9.266502008557140e-007	4.633251004278569e+000	5.000011031767888e+000	5.000000000000000e+000	5.000000058394811e+000	1.121087865665049e-005	5.000000000000000e+000	7.156716193167729e-007	7.070953035438923e-006	3.558787157652995e-006	-2.126479660680961e-009	5.132434352579045e-008
9.375318972842858e-007	4.687659486421429e+000	5.000010963783046e+000	5.000000000000000e+000	5.000000056464730e+000	1.093900705126701e-005	5.000000000000000e+000	6.954856304019239e-007	6.967317264905033e-006	3.512813959983387e-006	-1.736671318287857e-009	4.829638552780054e-008
9.484135937128574e-007	4.742067968564286e+000	5.000010743926128e+000	5.000000000000000e+000	5.000000054324116e+000	1.075974818463847e-005	5.000000000000000e+000	6.763909449068906e-007	6.906760962181950e-006	3.467951790248609e-006	-1.399065574920384e-009	4.516366782544289e-008
9.592952901414292e-007	4.796476450707147e+000	5.000010372197135e+000	5.000000000000000e+000	5.000000051972972e+000	1.067310205676485e-005	5.000000000000000e+000	6.583875628316721e-007	6.889284127269675e-006	3.424200648448661e-006	-1.113662430578531e-009	4.192619041871738e-008
9.701769865700009e-007	4.850884932850005e+000	5.000009848596067e+000	5.000000000000000e+000	5.000000049411296e+000	1.067906866764617e-005	5.000000000000000e+000	6.414754841762694e-007	6.914886760168209e-006	3.381560534583544e-006	-8.804618852623090e-010	3.858395330762413e-008
9.810586829985725e-007	4.905293414992863e+000	5.000009173122921e+000	5.000000000000000e+000	5.000000046639087e+000	1.077764801728242e-005	5.000000000000000e+000	6.256547089406820e-007	6.983568860877550e-006	3.340031448653257e-006	-6.994639389717137e-010	3.513695649216310e-008
9.849649329985726e-007	4.924824664992864e+000	5.000003395988719e+000	5.000000000000000e+000	5.000000045843491e+000	1.076143691166936e-005	5.000000000000000e+000	6.221881288595316e-007	6.983775207430668e-006	3.325368512555730e-006	-6.278057676316600e-010	3.494471263336451e-008
9.980468749999999e-007	4.990234375000001e+000	5.000003286841949e+000	5.000000000000000e+000	5.000000159460111e+000	1.072941567829139e-005	5.000000000000000e+000	1.089020976507982e-006	7.002209495104300e-006	3.280314841192650e-006	-3.108692258821377e-008	2.596708438273865e-007
1.000000000000000e-006	5.000000000000000e+000	5.000394658191671e+000	5.000000000000000e+000	5.000109067413819e+000	8.649917726910594e-005	5.000000000000000e+000	1.109737085488671e-003	3.685128343471067e-005	3.183257700477282e-005	-2.287545047036099e-005	1.342904488935148e-004
1.000195312500000e-006	5.000000000000000e+000	5.000131468533368e+000	5.000000000000000e+000	5.000036686480891e+000	2.905294945487746e-005	5.000000000000000e+000	3.724104030223829e-004	1.243109523949015e-005	1.062484543825140e-005	-7.746026553082097e-006	4.563950530694916e-005
1.000585937500000e-006	5.000000000000000e+000	4.999999854598457e+000	5.000000000000000e+000	4.999999972519847e+000	2.527801040881628e-008	5.000000000000000e+000	5.693069968789146e-008	1.340171845774194e-008	3.306813021462413e-009	1.836252240682220e-009	3.109680897881589e-008
1.110351562500003e-006	5.000000000000000e+000	4.999999975548230e+000	5.000000000000000e+000	4.999999974733251e+000	1.546736985713615e-008	5.000000000000000e+000	1.466424013077757e-008	7.722605590528229e-009	3.875460406619636e-009	3.845386322448466e-009	7.500714791786259e-009
1.696289062500017e-006	5.000000000000000e+000	4.999999974833109e+000	5.000000000000000e+000	4.999999974424876e+000	1.549837362179590e-008	5.000000000000000e+000	1.515520073641425e-008	7.749909484890404e-009	3.871540616093539e-009	3.875536504272210e-009	7.701329280065726e-009
1.999023437500014e-006	5.000000000000000e+000	4.999999973622155e+000	5.000000000000000e+000	4.999999974004258e+000	1.529584101290967e-008	5.000000000000000e+000	1.297772767747126e-008	7.622661656811876e-009	3.831646973246551e-009	3.970774848431085e-009	7.058029261309038e-009
2.000000000000000e-006	5.000000000000001e+000	4.999999972613867e+000	5.000000000000001e+000	4.999999973655497e+000	1.508495575111221e-008	5.000000000000001e+000	1.070869244832304e-008	7.488318048171322e-009	3.792471696506491e-009	4.061130996069164e-009	6.373692397157571e-009
