time	10umirror	cfmb2	cmfb1	innegative	inpositive	out1neg	out1pos	vbias	vdd	vom	vop	n001	n002	n003	n004	n005	n006	n007	n008	n009	ig7	ig9
0.000000000000000e+000	1.245021e+000	1.026220e+000	6.655089e-001	8.910891e-001	8.910891e-001	6.326741e-001	6.326741e-001	9.000000e-001	1.800000e+000	8.954404e-001	8.954404e-001	1.440222e+000	1.163690e+000	6.326741e-001	6.326741e-001	2.536172e-001	8.954404e-001	1.185563e+000	6.300000e-001	6.312426e-001	0.000000e+000	0.000000e+000
1.919468748189955e-006	1.245021e+000	1.026220e+000	6.655089e-001	8.910891e-001	8.910891e-001	6.326741e-001	6.326741e-001	9.000000e-001	1.800000e+000	8.954404e-001	8.954404e-001	1.440222e+000	1.163690e+000	6.326741e-001	6.326741e-001	2.536172e-001	8.954404e-001	1.185563e+000	6.300000e-001	6.312426e-001	1.228268e-019	1.180448e-020
1.951171875000000e-006	1.245021e+000	1.026220e+000	6.655089e-001	8.910891e-001	8.910891e-001	6.326741e-001	6.326741e-001	9.000000e-001	1.800000e+000	8.954404e-001	8.954404e-001	1.440222e+000	1.163690e+000	6.326741e-001	6.326741e-001	2.536172e-001	8.954404e-001	1.185563e+000	6.300000e-001	6.312426e-001	5.890601e-020	1.697427e-021
1.952171875000000e-006	1.245021e+000	1.026220e+000	6.655089e-001	8.910891e-001	8.910891e-001	6.326741e-001	6.326741e-001	9.000000e-001	1.800000e+000	8.954404e-001	8.954404e-001	1.440222e+000	1.163690e+000	6.326741e-001	6.326741e-001	2.536172e-001	8.954404e-001	1.185563e+000	6.300000e-001	6.312426e-001	9.251859e-020	9.251859e-020
1.954171875000000e-006	1.245021e+000	1.026220e+000	6.655089e-001	8.910891e-001	8.910891e-001	6.326741e-001	6.326741e-001	9.000000e-001	1.800000e+000	8.954404e-001	8.954404e-001	1.440222e+000	1.163690e+000	6.326741e-001	6.326741e-001	2.536172e-001	8.954404e-001	1.185563e+000	6.300000e-001	6.312426e-001	2.960595e-019	2.405483e-019
1.958171875000000e-006	1.245021e+000	1.026220e+000	6.655089e-001	8.910891e-001	8.910891e-001	6.326741e-001	6.326741e-001	9.000000e-001	1.800000e+000	8.954404e-001	8.954404e-001	1.440222e+000	1.163690e+000	6.326741e-001	6.326741e-001	2.536172e-001	8.954404e-001	1.185563e+000	6.300000e-001	6.312426e-001	4.070818e-019	1.110223e-019
1.966171875000000e-006	1.245021e+000	1.026220e+000	6.655089e-001	8.910891e-001	8.910891e-001	6.326741e-001	6.326741e-001	9.000000e-001	1.800000e+000	8.954404e-001	8.954404e-001	1.440222e+000	1.163690e+000	6.326741e-001	6.326741e-001	2.536172e-001	8.954404e-001	1.185563e+000	6.300000e-001	6.312426e-001	1.480297e-019	-1.850372e-020
1.984400390625000e-006	1.245021e+000	1.026220e+000	6.655089e-001	8.910891e-001	8.910891e-001	6.326741e-001	6.326741e-001	9.000000e-001	1.800000e+000	8.954404e-001	8.954404e-001	1.440222e+000	1.163690e+000	6.326741e-001	6.326741e-001	2.536172e-001	8.954404e-001	1.185563e+000	6.300000e-001	6.312426e-001	6.846375e-019	9.251858e-020
1.988857421875000e-006	1.245021e+000	1.026220e+000	6.655089e-001	8.910891e-001	8.910891e-001	6.326741e-001	6.326741e-001	9.000000e-001	1.800000e+000	8.954404e-001	8.954404e-001	1.440222e+000	1.163690e+000	6.326741e-001	6.326741e-001	2.536172e-001	8.954404e-001	1.185563e+000	6.300000e-001	6.312426e-001	5.736152e-019	4.255855e-019
1.991085937500000e-006	1.245021e+000	1.026220e+000	6.655089e-001	8.910891e-001	8.910891e-001	6.326741e-001	6.326741e-001	9.000000e-001	1.800000e+000	8.954404e-001	8.954404e-001	1.440222e+000	1.163690e+000	6.326741e-001	6.326741e-001	2.536172e-001	8.954404e-001	1.185563e+000	6.300000e-001	6.312426e-001	5.921189e-019	4.255855e-019
1.995542968749999e-006	1.245021e+000	1.026220e+000	6.655089e-001	8.910891e-001	8.910891e-001	6.326741e-001	6.326741e-001	9.000000e-001	1.800000e+000	8.954404e-001	8.954404e-001	1.440222e+000	1.163690e+000	6.326741e-001	6.326741e-001	2.536172e-001	8.954404e-001	1.185563e+000	6.300000e-001	6.312426e-001	3.737565e-019	2.775558e-019
1.996542968749999e-006	1.245021e+000	1.026220e+000	6.655089e-001	8.910891e-001	8.910891e-001	6.326741e-001	6.326741e-001	9.000000e-001	1.800000e+000	8.954404e-001	8.954404e-001	1.440222e+000	1.163690e+000	6.326741e-001	6.326741e-001	2.536172e-001	8.954404e-001	1.185563e+000	6.300000e-001	6.312426e-001	3.782525e-019	5.034835e-019
1.998000000000000e-006	1.245021e+000	1.026220e+000	6.655089e-001	8.910891e-001	8.910891e-001	6.326741e-001	6.326741e-001	9.000000e-001	1.800000e+000	8.954404e-001	8.954404e-001	1.440222e+000	1.163690e+000	6.326741e-001	6.326741e-001	2.536172e-001	8.954404e-001	1.185563e+000	6.300000e-001	6.312426e-001	5.757627e-019	9.972592e-019
1.999000000000000e-006	1.245021e+000	1.026220e+000	6.655089e-001	8.910891e-001	8.910891e-001	6.326741e-001	6.326741e-001	9.000000e-001	1.800000e+000	8.954404e-001	8.954404e-001	1.440222e+000	1.163690e+000	6.326741e-001	6.326741e-001	2.536172e-001	8.954404e-001	1.185563e+000	6.300000e-001	6.312426e-001	5.273559e-019	9.159340e-019
2.000000000000000e-006	1.245021e+000	1.026220e+000	6.655089e-001	8.910891e-001	8.910891e-001	6.326741e-001	6.326741e-001	9.000000e-001	1.800000e+000	8.954404e-001	8.954404e-001	1.440222e+000	1.163690e+000	6.326741e-001	6.326741e-001	2.536172e-001	8.954404e-001	1.185563e+000	6.300000e-001	6.312426e-001	0.000000e+000	8.673617e-019
2.000015771818855e-006	1.244997e+000	1.026221e+000	6.655781e-001	8.847804e-001	8.973978e-001	6.328502e-001	6.326383e-001	9.000000e-001	1.800000e+000	8.954403e-001	8.954407e-001	1.440100e+000	1.163687e+000	6.326749e-001	6.326739e-001	2.535954e-001	8.954405e-001	1.185583e+000	6.300000e-001	6.312808e-001	1.752910e-007	-3.560989e-008
2.000047315456565e-006	1.244814e+000	1.026220e+000	6.660932e-001	8.721629e-001	9.100153e-001	6.333641e-001	6.331689e-001	9.000000e-001	1.800000e+000	8.954412e-001	8.954418e-001	1.439139e+000	1.163615e+000	6.326789e-001	6.326770e-001	2.533290e-001	8.954408e-001	1.185775e+000	6.300000e-001	6.314206e-001	6.851690e-007	4.919788e-007
2.000110402731986e-006	1.243690e+000	1.026211e+000	6.684699e-001	8.469280e-001	9.352502e-001	6.348366e-001	6.365075e-001	9.000000e-001	1.800000e+000	8.954499e-001	8.954461e-001	1.433053e+000	1.162875e+000	6.327010e-001	6.327174e-001	2.516807e-001	8.954428e-001	1.187006e+000	6.300000e-001	6.313284e-001	2.135582e-006	3.790158e-006
2.000235751249071e-006	1.239406e+000	1.026166e+000	6.749979e-001	7.967886e-001	9.853896e-001	6.374729e-001	6.470276e-001	9.000000e-001	1.800000e+000	8.954906e-001	8.954597e-001	1.408898e+000	1.159487e+000	6.327834e-001	6.329418e-001	2.464135e-001	8.954551e-001	1.191828e+000	6.300000e-001	6.299334e-001	4.689557e-006	1.408580e-005
2.000369311925592e-006	1.233280e+000	1.026103e+000	6.819199e-001	7.433643e-001	1.038814e+000	6.385308e-001	6.597821e-001	9.000000e-001	1.800000e+000	8.955644e-001	8.954785e-001	1.372053e+000	1.154379e+000	6.329014e-001	6.334017e-001	2.405094e-001	8.954836e-001	1.199287e+000	6.300000e-001	6.295393e-001	5.629458e-006	2.638039e-005
2.000494957195423e-006	1.227223e+000	1.026050e+000	6.877956e-001	6.931062e-001	1.089072e+000	6.380139e-001	6.718317e-001	9.000000e-001	1.800000e+000	8.956580e-001	8.954984e-001	1.331912e+000	1.149379e+000	6.330162e-001	6.340714e-001	2.355716e-001	8.955247e-001	1.207464e+000	6.300000e-001	6.327800e-001	4.997655e-006	3.776031e-005
2.000629922147706e-006	1.221276e+000	1.026004e+000	6.936836e-001	6.391202e-001	1.143058e+000	6.366941e-001	6.845030e-001	9.000000e-001	1.800000e+000	8.957673e-001	8.955163e-001	1.287207e+000	1.144524e+000	6.331156e-001	6.350313e-001	2.307605e-001	8.955731e-001	1.215956e+000	6.300000e-001	6.393786e-001	3.578501e-006	4.947170e-005
2.000778844910815e-006	1.215576e+000	1.025945e+000	6.998712e-001	5.795512e-001	1.202627e+000	6.347327e-001	6.981773e-001	9.000000e-001	1.800000e+000	8.958690e-001	8.955231e-001	1.237158e+000	1.139655e+000	6.331704e-001	6.363542e-001	2.257949e-001	8.956119e-001	1.223984e+000	6.300000e-001	6.472257e-001	1.562231e-006	6.182314e-005
2.001000000000000e-006	1.208094e+000	1.025834e+000	7.086836e-001	4.910891e-001	1.291089e+000	6.312795e-001	7.180661e-001	9.000000e-001	1.800000e+000	8.959795e-001	8.955134e-001	1.162139e+000	1.132875e+000	6.331751e-001	6.386051e-001	2.188100e-001	8.956407e-001	1.234205e+000	6.300000e-001	6.582480e-001	-1.895641e-006	7.946107e-005
2.001008737808249e-006	1.208013e+000	1.025828e+000	7.088797e-001	4.910891e-001	1.291089e+000	6.309254e-001	7.187529e-001	9.000000e-001	1.800000e+000	8.959808e-001	8.955115e-001	1.160003e+000	1.132629e+000	6.331704e-001	6.387066e-001	2.185766e-001	8.956398e-001	1.234527e+000	6.300000e-001	6.585531e-001	-2.245038e-006	8.004632e-005
2.001026213424747e-006	1.207991e+000	1.025815e+000	7.085831e-001	4.910891e-001	1.291089e+000	6.295753e-001	7.193701e-001	9.000000e-001	1.800000e+000	8.959825e-001	8.955066e-001	1.156508e+000	1.132196e+000	6.331568e-001	6.389089e-001	2.183988e-001	8.956374e-001	1.234853e+000	6.300000e-001	6.589308e-001	-3.581514e-006	8.046122e-005
2.001061164657741e-006	1.208369e+000	1.025797e+000	7.067397e-001	4.910891e-001	1.291089e+000	6.258115e-001	7.191354e-001	9.000000e-001	1.800000e+000	8.959840e-001	8.954926e-001	1.151899e+000	1.131844e+000	6.331085e-001	6.393091e-001	2.192244e-001	8.956328e-001	1.234578e+000	6.300000e-001	6.602918e-001	-7.297059e-006	7.982626e-005
2.001131067123732e-006	1.209768e+000	1.025788e+000	7.027666e-001	4.910891e-001	1.291089e+000	6.184410e-001	7.179649e-001	9.000000e-001	1.800000e+000	8.959850e-001	8.954541e-001	1.146568e+000	1.132662e+000	6.329511e-001	6.400948e-001	2.222247e-001	8.956218e-001	1.232560e+000	6.300000e-001	6.653525e-001	-1.451015e-005	7.787014e-005
2.001202061847067e-006	1.211435e+000	1.025785e+000	6.999041e-001	4.910891e-001	1.291089e+000	6.126326e-001	7.175700e-001	9.000000e-001	1.800000e+000	8.959775e-001	8.953966e-001	1.143287e+000	1.134443e+000	6.327081e-001	6.408697e-001	2.246808e-001	8.955966e-001	1.229749e+000	6.300000e-001	6.700937e-001	-2.007551e-005	7.670036e-005
2.001334921773016e-006	1.214496e+000	1.025739e+000	6.965241e-001	4.910891e-001	1.291089e+000	6.047329e-001	7.180943e-001	9.000000e-001	1.800000e+000	8.959313e-001	8.952416e-001	1.138871e+000	1.137696e+000	6.320778e-001	6.422678e-001	2.275089e-001	8.955055e-001	1.224199e+000	6.300000e-001	6.740416e-001	-2.734494e-005	7.582651e-005
2.001498418779609e-006	1.217807e+000	1.025598e+000	6.934810e-001	4.910891e-001	1.291089e+000	5.974621e-001	7.188377e-001	9.000000e-001	1.800000e+000	8.958166e-001	8.949873e-001	1.134296e+000	1.140532e+000	6.310745e-001	6.439068e-001	2.299417e-001	8.953297e-001	1.218111e+000	6.300000e-001	6.743663e-001	-3.361242e-005	7.493090e-005
2.001825412792797e-006	1.223297e+000	1.025155e+000	6.887041e-001	4.910891e-001	1.291089e+000	5.869758e-001	7.194792e-001	9.000000e-001	1.800000e+000	8.954587e-001	8.943738e-001	1.126779e+000	1.144665e+000	6.286397e-001	6.469780e-001	2.336608e-001	8.948576e-001	1.208092e+000	6.300000e-001	6.720540e-001	-4.166398e-005	7.250121e-005
2.002176895548522e-006	1.227947e+000	1.024547e+000	6.845981e-001	4.910891e-001	1.291089e+000	5.792217e-001	7.192575e-001	9.000000e-001	1.800000e+000	8.949424e-001	8.936739e-001	1.120430e+000	1.148269e+000	6.257101e-001	6.500053e-001	2.367973e-001	8.942618e-001	1.199739e+000	6.300000e-001	6.692823e-001	-4.648845e-005	6.925221e-005
2.002629712922015e-006	1.232407e+000	1.023646e+000	6.804914e-001	4.910891e-001	1.291089e+000	5.728103e-001	7.183514e-001	9.000000e-001	1.800000e+000	8.941268e-001	8.928316e-001	1.114361e+000	1.152015e+000	6.217656e-001	6.535054e-001	2.398636e-001	8.934457e-001	1.191878e+000	6.300000e-001	6.658771e-001	-4.895528e-005	6.484604e-005
2.003116924971443e-006	1.235833e+000	1.022629e+000	6.770793e-001	4.910891e-001	1.291089e+000	5.683033e-001	7.174509e-001	9.000000e-001	1.800000e+000	8.931274e-001	8.921342e-001	1.109714e+000	1.155226e+000	6.176488e-001	6.568395e-001	2.423577e-001	8.926084e-001	1.185887e+000	6.300000e-001	6.629093e-001	-4.934547e-005	6.061139e-005
2.003800895030056e-006	1.239032e+000	1.021222e+000	6.734370e-001	4.910891e-001	1.291089e+000	5.639834e-001	7.169610e-001	9.000000e-001	1.800000e+000	8.915919e-001	8.916132e-001	1.105400e+000	1.158733e+000	6.123658e-001	6.609405e-001	2.449821e-001	8.915924e-001	1.180174e+000	6.300000e-001	6.600991e-001	-4.838242e-005	5.602054e-005
2.004660250418038e-006	1.241431e+000	1.019588e+000	6.700116e-001	4.910891e-001	1.291089e+000	5.598913e-001	7.178350e-001	9.000000e-001	1.800000e+000	8.895165e-001	8.917384e-001	1.102202e+000	1.162045e+000	6.066914e-001	6.654371e-001	2.474604e-001	8.906287e-001	1.175496e+000	6.300000e-001	6.583732e-001	-4.680002e-005	5.239794e-005
2.006124415993857e-006	1.243470e+000	1.017142e+000	6.656614e-001	4.910891e-001	1.291089e+000	5.542652e-001	7.218302e-001	9.000000e-001	1.800000e+000	8.856954e-001	8.934652e-001	1.099562e+000	1.166159e+000	5.989283e-001	6.721824e-001	2.507120e-001	8.895955e-001	1.170563e+000	6.300000e-001	6.579474e-001	-4.466310e-005	4.964782e-005
2.007918677842658e-006	1.244501e+000	1.014586e+000	6.614538e-001	4.910891e-001	1.291089e+000	5.486405e-001	7.287825e-001	9.000000e-001	1.800000e+000	8.805292e-001	8.973744e-001	1.098342e+000	1.169944e+000	5.916433e-001	6.796629e-001	2.540484e-001	8.889793e-001	1.166811e+000	6.300000e-001	6.590976e-001	-4.300273e-005	4.911960e-005
2.010088979981844e-006	1.244874e+000	1.011969e+000	6.571144e-001	4.910891e-001	1.291089e+000	5.435721e-001	7.382697e-001	9.000000e-001	1.800000e+000	8.733964e-001	9.040868e-001	1.098068e+000	1.173634e+000	5.852764e-001	6.879947e-001	2.577123e-001	8.887804e-001	1.164053e+000	6.300000e-001	6.609923e-001	-4.170436e-005	5.027502e-005
2.013071528907801e-006	1.245006e+000	1.008770e+000	6.515668e-001	4.910891e-001	1.291089e+000	5.385913e-001	7.514312e-001	9.000000e-001	1.800000e+000	8.624289e-001	9.151368e-001	1.098209e+000	1.178213e+000	5.787981e-001	6.988081e-001	2.625665e-001	8.888351e-001	1.161584e+000	6.300000e-001	6.631784e-001	-4.020688e-005	5.262305e-005
2.013630912757655e-006	1.245014e+000	1.008209e+000	6.505644e-001	4.910891e-001	1.291089e+000	5.379561e-001	7.538306e-001	9.000000e-001	1.800000e+000	8.601691e-001	9.174398e-001	1.098257e+000	1.179039e+000	5.778838e-001	7.007458e-001	2.634545e-001	8.888590e-001	1.161279e+000	6.300000e-001	6.634598e-001	-3.992770e-005	5.308475e-005
2.014749680457365e-006	1.245022e+000	1.007128e+000	6.486277e-001	4.910891e-001	1.291089e+000	5.371822e-001	7.584625e-001	9.000000e-001	1.800000e+000	8.552760e-001	9.223968e-001	1.098365e+000	1.180649e+000	5.765426e-001	7.044699e-001	2.651740e-001	8.888955e-001	1.160921e+000	6.300000e-001	6.637799e-001	-3.936033e-005	5.399262e-005
2.016987215856783e-006	1.245034e+000	1.004960e+000	6.449780e-001	4.910891e-001	1.291089e+000	5.365201e-001	7.673659e-001	9.000000e-001	1.800000e+000	8.447430e-001	9.328843e-001	1.098582e+000	1.183746e+000	5.747610e-001	7.116689e-001	2.683919e-001	8.888812e-001	1.160652e+000	6.300000e-001	6.639619e-001	-3.824098e-005	5.569695e-005
2.021462286655619e-006	1.245052e+000	1.000440e+000	6.387522e-001	4.910891e-001	1.291089e+000	5.376761e-001	7.841247e-001	9.000000e-001	1.800000e+000	8.215285e-001	9.554368e-001	1.099021e+000	1.189229e+000	5.738778e-001	7.255081e-001	2.737792e-001	8.885645e-001	1.161389e+000	6.300000e-001	6.630119e-001	-3.620177e-005	5.861658e-005
2.028682365197546e-006	1.245070e+000	9.924629e-001	6.317220e-001	4.910891e-001	1.291089e+000	5.434782e-001	8.093300e-001	9.000000e-001	1.800000e+000	7.806006e-001	9.943842e-001	1.099752e+000	1.195793e+000	5.771407e-001	7.472830e-001	2.796021e-001	8.875894e-001	1.164572e+000	6.300000e-001	6.592947e-001	-3.366253e-005	6.204699e-005
2.036573751628735e-006	1.245079e+000	9.826961e-001	6.286188e-001	4.910891e-001	1.291089e+000	5.526728e-001	8.349744e-001	9.000000e-001	1.800000e+000	7.332559e-001	1.039163e+000	1.100600e+000	1.199129e+000	5.848726e-001	7.710460e-001	2.817497e-001	8.863104e-001	1.169379e+000	6.300000e-001	6.534963e-001	-3.219985e-005	6.392841e-005
2.045435920826019e-006	1.245079e+000	9.707265e-001	6.305666e-001	4.910891e-001	1.291089e+000	5.634043e-001	8.617193e-001	9.000000e-001	1.800000e+000	6.793538e-001	1.090866e+000	1.101639e+000	1.197954e+000	5.957164e-001	7.979494e-001	2.793854e-001	8.851994e-001	1.174759e+000	6.300000e-001	6.465774e-001	-3.231205e-005	6.376995e-005
2.055673645318701e-006	1.245072e+000	9.567108e-001	6.371998e-001	4.910891e-001	1.291089e+000	5.729564e-001	8.902733e-001	9.000000e-001	1.800000e+000	6.186358e-001	1.150873e+000	1.102973e+000	1.192303e+000	6.070845e-001	8.287711e-001	2.731125e-001	8.848183e-001	1.179382e+000	6.300000e-001	6.402477e-001	-3.412809e-005	6.150217e-005
2.065878624828169e-006	1.245065e+000	9.437898e-001	6.450551e-001	4.910891e-001	1.291089e+000	5.776662e-001	9.165139e-001	9.000000e-001	1.800000e+000	5.608354e-001	1.209818e+000	1.104504e+000	1.185158e+000	6.143961e-001	8.582748e-001	2.662098e-001	8.853621e-001	1.181640e+000	6.300000e-001	6.370743e-001	-3.672988e-005	5.823909e-005
2.075939058184263e-006	1.245067e+000	9.329554e-001	6.507895e-001	4.910891e-001	1.291089e+000	5.771626e-001	9.409054e-001	9.000000e-001	1.800000e+000	5.066540e-001	1.265934e+000	1.106446e+000	1.179677e+000	6.160438e-001	8.855362e-001	2.614391e-001	8.863087e-001	1.181470e+000	6.300000e-001	6.374257e-001	-3.888130e-005	5.536925e-005
2.088560404864586e-006	1.245095e+000	9.216171e-001	6.530836e-001	4.910891e-001	1.291089e+000	5.717379e-001	9.716941e-001	9.000000e-001	1.800000e+000	4.416144e-001	1.332782e+000	1.110219e+000	1.177139e+000	6.116623e-001	9.182988e-001	2.597001e-001	8.872030e-001	1.178982e+000	6.300000e-001	6.410617e-001	-3.992433e-005	5.339535e-005
2.100717599291127e-006	1.245158e+000	9.119000e-001	6.510834e-001	4.910891e-001	1.291089e+000	5.642909e-001	1.003106e+000	9.000000e-001	1.800000e+000	3.810287e-001	1.393965e+000	1.115734e+000	1.178535e+000	6.036140e-001	9.500742e-001	2.614945e-001	8.875053e-001	1.175431e+000	6.300000e-001	6.459379e-001	-3.932310e-005	5.303230e-005
2.102972770321606e-006	1.245180e+000	9.101836e-001	6.501405e-001	4.910891e-001	1.291089e+000	5.627832e-001	1.009494e+000	9.000000e-001	1.800000e+000	3.701770e-001	1.404753e+000	1.117311e+000	1.179322e+000	6.017606e-001	9.563365e-001	2.622951e-001	8.874760e-001	1.174682e+000	6.300000e-001	6.468916e-001	-3.897745e-005	5.315779e-005
2.107483112382563e-006	1.245248e+000	9.068269e-001	6.475105e-001	4.910891e-001	1.291089e+000	5.596787e-001	1.023750e+000	9.000000e-001	1.800000e+000	3.495027e-001	1.425146e+000	1.122077e+000	1.181578e+000	5.976414e-001	9.701663e-001	2.645298e-001	8.873417e-001	1.173073e+000	6.300000e-001	6.487794e-001	-3.796269e-005	5.358400e-005
2.116503796504476e-006	1.245438e+000	9.004105e-001	6.408208e-001	4.910891e-001	1.291089e+000	5.526914e-001	1.057862e+000	9.000000e-001	1.800000e+000	3.125838e-001	1.461531e+000	1.138558e+000	1.187373e+000	5.880728e-001	1.003351e+000	2.703352e-001	8.870906e-001	1.169281e+000	6.300000e-001	6.528177e-001	-3.538133e-005	5.451081e-005
2.134545164748303e-006	1.245944e+000	8.885706e-001	6.228796e-001	4.910891e-001	1.291089e+000	5.359232e-001	1.144637e+000	9.000000e-001	1.800000e+000	2.533747e-001	1.519599e+000	1.196218e+000	1.203216e+000	5.648655e-001	1.087958e+000	2.862591e-001	8.865607e-001	1.159636e+000	6.300000e-001	6.618397e-001	-2.894232e-005	5.667858e-005
2.151486796144641e-006	1.246465e+000	8.782938e-001	6.016706e-001	4.910891e-001	1.291089e+000	5.179900e-001	1.243576e+000	9.000000e-001	1.800000e+000	2.110652e-001	1.560473e+000	1.274757e+000	1.222346e+000	5.400575e-001	1.184362e+000	3.053428e-001	8.858896e-001	1.148832e+000	6.300000e-001	6.708832e-001	-2.206749e-005	5.921415e-005
2.153733373988616e-006	1.246522e+000	8.770009e-001	5.983400e-001	4.910891e-001	1.291089e+000	5.155678e-001	1.258700e+000	9.000000e-001	1.800000e+000	2.068258e-001	1.564424e+000	1.287985e+000	1.225422e+000	5.366890e-001	1.199057e+000	3.083640e-001	8.857526e-001	1.147320e+000	6.300000e-001	6.720395e-001	-2.112129e-005	5.964325e-005
2.158226529676567e-006	1.246613e+000	8.745253e-001	5.910378e-001	4.910891e-001	1.291089e+000	5.111042e-001	1.291570e+000	9.000000e-001	1.800000e+000	1.999652e-001	1.570587e+000	1.318095e+000	1.232283e+000	5.303797e-001	1.231015e+000	3.150384e-001	8.854191e-001	1.144446e+000	6.300000e-001	6.740578e-001	-1.927546e-005	6.055494e-005
2.167212841052469e-006	1.246765e+000	8.699811e-001	5.757906e-001	4.910891e-001	1.291089e+000	5.036122e-001	1.360723e+000	9.000000e-001	1.800000e+000	1.884126e-001	1.580728e+000	1.383003e+000	1.246800e+000	5.195192e-001	1.298749e+000	3.291142e-001	8.847430e-001	1.139487e+000	6.300000e-001	6.772637e-001	-1.590704e-005	6.197448e-005
2.185185463804273e-006	1.246907e+000	8.623073e-001	5.432511e-001	4.910891e-001	1.291089e+000	4.931558e-001	1.503995e+000	9.000000e-001	1.800000e+000	1.705827e-001	1.595529e+000	1.520271e+000	1.278284e+000	5.032925e-001	1.441435e+000	3.594844e-001	8.832853e-001	1.132421e+000	6.300000e-001	6.815419e-001	-1.013674e-005	6.256065e-005
2.205288607622560e-006	1.246860e+000	8.553013e-001	5.044316e-001	4.910891e-001	1.291089e+000	4.864494e-001	1.664367e+000	9.000000e-001	1.800000e+000	1.550397e-001	1.607466e+000	1.675589e+000	1.316229e+000	4.909108e-001	1.604524e+000	3.959939e-001	8.815421e-001	1.127886e+000	6.300000e-001	6.842775e-001	-4.461426e-006	5.984304e-005
2.205716713181295e-006	1.246849e+000	8.551806e-001	5.035288e-001	4.910891e-001	1.291089e+000	4.864092e-001	1.667624e+000	9.000000e-001	1.800000e+000	1.547643e-001	1.607658e+000	1.678744e+000	1.317105e+000	4.907548e-001	1.607960e+000	3.968441e-001	8.815017e-001	1.127867e+000	6.300000e-001	6.843037e-001	-4.345547e-006	5.966368e-005
2.206572924298765e-006	1.246809e+000	8.549701e-001	5.015818e-001	4.910891e-001	1.291089e+000	4.864929e-001	1.673739e+000	9.000000e-001	1.800000e+000	1.542542e-001	1.607986e+000	1.684638e+000	1.318982e+000	4.905804e-001	1.614680e+000	3.986774e-001	8.814133e-001	1.127961e+000	6.300000e-001	6.843164e-001	-4.087503e-006	5.905914e-005
2.208285346533705e-006	1.246713e+000	8.545601e-001	4.974736e-001	4.910891e-001	1.291089e+000	4.869155e-001	1.685198e+000	9.000000e-001	1.800000e+000	1.532091e-001	1.608643e+000	1.695621e+000	1.322948e+000	4.903741e-001	1.627733e+000	4.025477e-001	8.812249e-001	1.128343e+000	6.300000e-001	6.842720e-001	-3.458650e-006	5.746411e-005
2.211710191003586e-006	1.246485e+000	8.538044e-001	4.883510e-001	4.910891e-001	1.291089e+000	4.887058e-001	1.704689e+000	9.000000e-001	1.800000e+000	1.510552e-001	1.609966e+000	1.714044e+000	1.331691e+000	4.906577e-001	1.651721e+000	4.111345e-001	8.808220e-001	1.129776e+000	6.300000e-001	6.838382e-001	-1.951955e-006	5.296793e-005
2.218559879943347e-006	1.246026e+000	8.524994e-001	4.680611e-001	4.910891e-001	1.291089e+000	4.947405e-001	1.734340e+000	9.000000e-001	1.800000e+000	1.467468e-001	1.612553e+000	1.741429e+000	1.351007e+000	4.932964e-001	1.692729e+000	4.302293e-001	8.799881e-001	1.134216e+000	6.300000e-001	6.818578e-001	1.444065e-006	4.161063e-005
2.224626471418964e-006	1.245720e+000	8.515869e-001	4.493664e-001	4.910891e-001	1.291089e+000	5.023879e-001	1.752047e+000	9.000000e-001	1.800000e+000	1.433088e-001	1.614532e+000	1.757311e+000	1.368758e+000	4.979131e-001	1.720682e+000	4.478165e-001	8.792810e-001	1.139386e+000	6.300000e-001	6.787422e-001	4.474762e-006	3.136505e-005
2.232220212436327e-006	1.245482e+000	8.507079e-001	4.273824e-001	4.910891e-001	1.291089e+000	5.142983e-001	1.765548e+000	9.000000e-001	1.800000e+000	1.399600e-001	1.616191e+000	1.769030e+000	1.389709e+000	5.064602e-001	1.744869e+000	4.684871e-001	8.784570e-001	1.146862e+000	6.300000e-001	6.731239e-001	7.838042e-006	2.067922e-005
2.239897625234572e-006	1.245338e+000	8.498747e-001	4.100585e-001	4.910891e-001	1.291089e+000	5.278680e-001	1.773734e+000	9.000000e-001	1.800000e+000	1.377989e-001	1.616604e+000	1.775989e+000	1.407005e+000	5.173195e-001	1.760458e+000	4.848504e-001	8.775920e-001	1.154744e+000	6.300000e-001	6.659040e-001	1.054852e-005	1.327527e-005
2.251822688132309e-006	1.245217e+000	8.482644e-001	3.963724e-001	4.910891e-001	1.291089e+000	5.508498e-001	1.780843e+000	9.000000e-001	1.800000e+000	1.362715e-001	1.614876e+000	1.781937e+000	1.423996e+000	5.370718e-001	1.774224e+000	4.980301e-001	8.759540e-001	1.166882e+000	6.300000e-001	6.521962e-001	1.377804e-005	6.619258e-006
2.265807660539286e-006	1.245144e+000	8.451144e-001	4.045956e-001	4.910891e-001	1.291089e+000	5.794965e-001	1.785323e+000	9.000000e-001	1.800000e+000	1.363970e-001	1.609643e+000	1.785650e+000	1.422273e+000	5.629222e-001	1.782663e+000	4.899583e-001	8.733456e-001	1.180163e+000	6.300000e-001	6.330803e-001	1.657431e-005	2.660006e-006
2.286185955872608e-006	1.245083e+000	8.382814e-001	4.495048e-001	4.910891e-001	1.291089e+000	6.225099e-001	1.788835e+000	9.000000e-001	1.800000e+000	1.386412e-001	1.598192e+000	1.788547e+000	1.385647e+000	6.030354e-001	1.789136e+000	4.451542e-001	8.686026e-001	1.197793e+000	6.300000e-001	6.020241e-001	1.947446e-005	-3.011049e-007
2.287818067924149e-006	1.245076e+000	8.375111e-001	4.552172e-001	4.910891e-001	1.291089e+000	6.258831e-001	1.788961e+000	9.000000e-001	1.800000e+000	1.389496e-001	1.597062e+000	1.788651e+000	1.380085e+000	6.063220e-001	1.789463e+000	4.394102e-001	8.681764e-001	1.199041e+000	6.300000e-001	5.994700e-001	1.956115e-005	-5.023137e-007
2.291082292027232e-006	1.245054e+000	8.354419e-001	4.696081e-001	4.910891e-001	1.291089e+000	6.321606e-001	1.788903e+000	9.000000e-001	1.800000e+000	1.398165e-001	1.594586e+000	1.788607e+000	1.365236e+000	6.128538e-001	1.789888e+000	4.249443e-001	8.673350e-001	1.201175e+000	6.300000e-001	5.945688e-001	1.930680e-005	-9.849201e-007
2.297610740233396e-006	1.245000e+000	8.296229e-001	4.998941e-001	4.910891e-001	1.291089e+000	6.419714e-001	1.787853e+000	9.000000e-001	1.800000e+000	1.423269e-001	1.590397e+000	1.787755e+000	1.334185e+000	6.247927e-001	1.790271e+000	3.948716e-001	8.664163e-001	1.204445e+000	6.300000e-001	5.868709e-001	1.717870e-005	-2.417422e-006
2.310667636645726e-006	1.244866e+000	8.135781e-001	5.597469e-001	4.910891e-001	1.291089e+000	6.516151e-001	1.782753e+000	9.000000e-001	1.800000e+000	1.497242e-001	1.585884e+000	1.783570e+000	1.273012e+000	6.436083e-001	1.789150e+000	3.370608e-001	8.676971e-001	1.207875e+000	6.300000e-001	5.795075e-001	8.006788e-006	-6.396485e-006
2.320366428258095e-006	1.244776e+000	7.998735e-001	5.988410e-001	4.910891e-001	1.291089e+000	6.488418e-001	1.776454e+000	9.000000e-001	1.800000e+000	1.567940e-001	1.586991e+000	1.778350e+000	1.232790e+000	6.510282e-001	1.785924e+000	3.012000e-001	8.716785e-001	1.207520e+000	6.300000e-001	5.821916e-001	-2.186343e-006	-9.470629e-006
2.327099668618525e-006	1.244741e+000	7.914727e-001	6.194482e-001	4.910891e-001	1.291089e+000	6.400133e-001	1.770776e+000	9.000000e-001	1.800000e+000	1.618889e-001	1.590845e+000	1.773595e+000	1.211177e+000	6.500482e-001	1.781521e+000	2.837504e-001	8.760985e-001	1.205114e+000	6.300000e-001	5.896337e-001	-1.003486e-005	-1.074516e-005
2.333160955486672e-006	1.244742e+000	7.867721e-001	6.314131e-001	4.910891e-001	1.291089e+000	6.279765e-001	1.765430e+000	9.000000e-001	1.800000e+000	1.655360e-001	1.595789e+000	1.769067e+000	1.198098e+000	6.439013e-001	1.775968e+000	2.746143e-001	8.803661e-001	1.201372e+000	6.300000e-001	5.994213e-001	-1.592483e-005	-1.053811e-005
2.339302379722487e-006	1.244775e+000	7.851718e-001	6.372089e-001	4.910891e-001	1.291089e+000	6.137252e-001	1.760605e+000	9.000000e-001	1.800000e+000	1.677761e-001	1.601126e+000	1.764940e+000	1.190956e+000	6.335310e-001	1.769639e+000	2.710361e-001	8.841473e-001	1.196421e+000	6.300000e-001	6.105914e-001	-1.980585e-005	-9.034093e-006
2.345637614060175e-006	1.244834e+000	7.858363e-001	6.383376e-001	4.910891e-001	1.291089e+000	5.983723e-001	1.756513e+000	9.000000e-001	1.800000e+000	1.688563e-001	1.606484e+000	1.761411e+000	1.188250e+000	6.202712e-001	1.763129e+000	2.714817e-001	8.873743e-001	1.190637e+000	6.300000e-001	6.222410e-001	-2.189892e-005	-6.615904e-006
2.346421116456996e-006	1.244843e+000	7.860981e-001	6.380517e-001	4.910891e-001	1.291089e+000	5.964996e-001	1.756124e+000	9.000000e-001	1.800000e+000	1.688811e-001	1.607108e+000	1.761074e+000	1.188325e+000	6.184739e-001	1.762383e+000	2.718900e-001	8.877009e-001	1.189888e+000	6.300000e-001	6.236234e-001	-2.197442e-005	-6.258363e-006
2.347988121250636e-006	1.244863e+000	7.868392e-001	6.368874e-001	4.910891e-001	1.291089e+000	5.928882e-001	1.755556e+000	9.000000e-001	1.800000e+000	1.687838e-001	1.608276e+000	1.760578e+000	1.189051e+000	6.147481e-001	1.761043e+000	2.731937e-001	8.882430e-001	1.188378e+000	6.300000e-001	6.262269e-001	-2.185989e-005	-5.486837e-006
2.351122130837917e-006	1.244905e+000	7.885497e-001	6.336730e-001	4.910891e-001	1.291089e+000	5.861658e-001	1.754849e+000	9.000000e-001	1.800000e+000	1.683878e-001	1.610434e+000	1.759958e+000	1.191383e+000	6.073847e-001	1.758794e+000	2.765276e-001	8.891393e-001	1.185462e+000	6.300000e-001	6.309651e-001	-2.121896e-005	-3.945020e-006
2.357390150012479e-006	1.244983e+000	7.923862e-001	6.249130e-001	4.910891e-001	1.291089e+000	5.747086e-001	1.754760e+000	9.000000e-001	1.800000e+000	1.671024e-001	1.614150e+000	1.759869e+000	1.198446e+000	5.935876e-001	1.755829e+000	2.851248e-001	8.903915e-001	1.180236e+000	6.300000e-001	6.387736e-001	-1.887907e-005	-1.068354e-006
2.365971497510063e-006	1.245072e+000	7.977579e-001	6.100727e-001	4.910891e-001	1.291089e+000	5.630580e-001	1.756627e+000	9.000000e-001	1.800000e+000	1.648039e-001	1.618195e+000	1.761470e+000	1.211237e+000	5.775210e-001	1.754490e+000	2.992745e-001	8.913217e-001	1.174625e+000	6.300000e-001	6.463934e-001	-1.446306e-005	2.136470e-006
2.374557979469296e-006	1.245130e+000	8.026746e-001	5.936549e-001	4.910891e-001	1.291089e+000	5.561483e-001	1.760049e+000	9.000000e-001	1.800000e+000	1.622708e-001	1.621142e+000	1.764411e+000	1.226045e+000	5.656368e-001	1.755820e+000	3.147388e-001	8.915881e-001	1.171113e+000	6.300000e-001	6.507087e-001	-9.488484e-006	4.228446e-006
2.382352288642547e-006	1.245154e+000	8.063676e-001	5.788379e-001	4.910891e-001	1.291089e+000	5.538920e-001	1.763805e+000	9.000000e-001	1.800000e+000	1.600505e-001	1.622921e+000	1.767627e+000	1.239853e+000	5.590128e-001	1.758730e+000	3.286399e-001	8.914177e-001	1.169872e+000	6.300000e-001	6.520150e-001	-5.120839e-006	5.075457e-006
2.389206098850023e-006	1.245158e+000	8.088865e-001	5.669041e-001	4.910891e-001	1.291089e+000	5.546221e-001	1.767100e+000	9.000000e-001	1.800000e+000	1.583193e-001	1.623836e+000	1.770434e+000	1.251252e+000	5.563632e-001	1.761984e+000	3.398132e-001	8.910481e-001	1.170157e+000	6.300000e-001	6.514664e-001	-1.741105e-006	5.116688e-006
2.395318456062496e-006	1.245151e+000	8.105528e-001	5.577635e-001	4.910891e-001	1.291089e+000	5.569919e-001	1.769763e+000	9.000000e-001	1.800000e+000	1.570215e-001	1.624167e+000	1.772690e+000	1.260173e+000	5.562137e-001	1.765001e+000	3.483393e-001	8.905932e-001	1.171282e+000	6.300000e-001	6.499030e-001	7.782619e-007	4.761340e-006
2.401586833632354e-006	1.245138e+000	8.117484e-001	5.502596e-001	4.910891e-001	1.291089e+000	5.606495e-001	1.772099e+000	9.000000e-001	1.800000e+000	1.559536e-001	1.624077e+000	1.774662e+000	1.267666e+000	5.577908e-001	1.767923e+000	3.552836e-001	8.900365e-001	1.173036e+000	6.300000e-001	6.475077e-001	2.858784e-006	4.176154e-006
2.408245086799293e-006	1.245120e+000	8.124928e-001	5.448108e-001	4.910891e-001	1.291089e+000	5.654493e-001	1.774070e+000	9.000000e-001	1.800000e+000	1.551274e-001	1.623543e+000	1.776319e+000	1.273306e+000	5.609435e-001	1.770624e+000	3.602244e-001	8.893712e-001	1.175307e+000	6.300000e-001	6.443319e-001	4.505748e-006	3.446630e-006
2.418185858167193e-006	1.245093e+000	8.127948e-001	5.413296e-001	4.910891e-001	1.291089e+000	5.733570e-001	1.776117e+000	9.000000e-001	1.800000e+000	1.544097e-001	1.622123e+000	1.778036e+000	1.277336e+000	5.673224e-001	1.773790e+000	3.631068e-001	8.883107e-001	1.178961e+000	6.300000e-001	6.390036e-001	6.034656e-006	2.327715e-006
2.430246723389062e-006	1.245058e+000	8.120925e-001	5.436563e-001	4.910891e-001	1.291089e+000	5.824288e-001	1.777284e+000	9.000000e-001	1.800000e+000	1.542658e-001	1.619859e+000	1.779015e+000	1.275871e+000	5.759078e-001	1.776218e+000	3.603331e-001	8.870986e-001	1.183025e+000	6.300000e-001	6.327588e-001	6.521002e-006	1.065970e-006
2.448203500772161e-006	1.245008e+000	8.096761e-001	5.551742e-001	4.910891e-001	1.291089e+000	5.932969e-001	1.777150e+000	9.000000e-001	1.800000e+000	1.550336e-001	1.616277e+000	1.778911e+000	1.265692e+000	5.880380e-001	1.777744e+000	3.486198e-001	8.856587e-001	1.187764e+000	6.300000e-001	6.251459e-001	5.259015e-006	-5.937355e-007
2.456743518678526e-006	1.244987e+000	8.081145e-001	5.626780e-001	4.910891e-001	1.291089e+000	5.963671e-001	1.776336e+000	9.000000e-001	1.800000e+000	1.557460e-001	1.614875e+000	1.778234e+000	1.258728e+000	5.924993e-001	1.777576e+000	3.412604e-001	8.852933e-001	1.189104e+000	6.300000e-001	6.229970e-001	3.867772e-006	-1.240012e-006
2.465827429970774e-006	1.244972e+000	8.063279e-001	5.710046e-001	4.910891e-001	1.291089e+000	5.971609e-001	1.774906e+000	9.000000e-001	1.800000e+000	1.567110e-001	1.613972e+000	1.777040e+000	1.250795e+000	5.952947e-001	1.776617e+000	3.333050e-001	8.853029e-001	1.189500e+000	6.300000e-001	6.224925e-001	1.866235e-006	-1.711635e-006
2.474708931257837e-006	1.244964e+000	8.048168e-001	5.779256e-001	4.910891e-001	1.291089e+000	5.960708e-001	1.773327e+000	9.000000e-001	1.800000e+000	1.576408e-001	1.613696e+000	1.775718e+000	1.244065e+000	5.961823e-001	1.775247e+000	3.268504e-001	8.856132e-001	1.189120e+000	6.300000e-001	6.233525e-001	-1.115673e-007	-1.920121e-006
2.483064440625532e-006	1.244965e+000	8.036999e-001	5.831017e-001	4.910891e-001	1.291089e+000	5.938333e-001	1.771828e+000	9.000000e-001	1.800000e+000	1.584291e-001	1.613878e+000	1.774460e+000	1.238920e+000	5.956518e-001	1.773731e+000	3.221467e-001	8.860874e-001	1.188254e+000	6.300000e-001	6.250322e-001	-1.818536e-006	-1.902614e-006
2.484274787945653e-006	1.244965e+000	8.035835e-001	5.836709e-001	4.910891e-001	1.291089e+000	5.934052e-001	1.771624e+000	9.000000e-001	1.800000e+000	1.585257e-001	1.613948e+000	1.774288e+000	1.238339e+000	5.954360e-001	1.773499e+000	3.216440e-001	8.861693e-001	1.188084e+000	6.300000e-001	6.253482e-001	-2.030742e-006	-1.875513e-006
2.486695482585894e-006	1.244968e+000	8.034296e-001	5.845062e-001	4.910891e-001	1.291089e+000	5.924323e-001	1.771252e+000	9.000000e-001	1.800000e+000	1.586834e-001	1.614141e+000	1.773974e+000	1.237457e+000	5.948161e-001	1.773037e+000	3.209319e-001	8.863438e-001	1.187688e+000	6.300000e-001	6.260590e-001	-2.383790e-006	-1.785705e-006
2.491536871866377e-006	1.244974e+000	8.032625e-001	5.856405e-001	4.910891e-001	1.291089e+000	5.903933e-001	1.770601e+000	9.000000e-001	1.800000e+000	1.589265e-001	1.614591e+000	1.773425e+000	1.236199e+000	5.933362e-001	1.772159e+000	3.200150e-001	8.866896e-001	1.186845e+000	6.300000e-001	6.275358e-001	-2.942842e-006	-1.557712e-006
2.498279640576886e-006	1.244985e+000	8.033362e-001	5.860056e-001	4.910891e-001	1.291089e+000	5.875699e-001	1.769966e+000	9.000000e-001	1.800000e+000	1.590881e-001	1.615299e+000	1.772887e+000	1.235607e+000	5.909254e-001	1.771132e+000	3.198677e-001	8.871266e-001	1.185648e+000	6.300000e-001	6.295517e-001	-3.355495e-006	-1.165965e-006
2.511539889819795e-006	1.245009e+000	8.040974e-001	5.841203e-001	4.910891e-001	1.291089e+000	5.825796e-001	1.769423e+000	9.000000e-001	1.800000e+000	1.590040e-001	1.616726e+000	1.772425e+000	1.236973e+000	5.859060e-001	1.769751e+000	3.219629e-001	8.878100e-001	1.183473e+000	6.300000e-001	6.330534e-001	-3.326405e-006	-3.280988e-007
2.522177488425769e-006	1.245027e+000	8.050453e-001	5.809726e-001	4.910891e-001	1.291089e+000	5.794785e-001	1.769545e+000	9.000000e-001	1.800000e+000	1.586667e-001	1.617757e+000	1.772526e+000	1.239707e+000	5.822105e-001	1.769259e+000	3.251093e-001	8.881700e-001	1.182082e+000	6.300000e-001	6.351900e-001	-2.732035e-006	2.858626e-007
2.529831624058346e-006	1.245037e+000	8.058305e-001	5.780056e-001	4.910891e-001	1.291089e+000	5.780969e-001	1.769961e+000	9.000000e-001	1.800000e+000	1.582956e-001	1.618337e+000	1.772875e+000	1.242420e+000	5.801243e-001	1.769341e+000	3.279774e-001	8.882856e-001	1.181442e+000	6.300000e-001	6.361199e-001	-2.027360e-006	6.197008e-007
2.537557931974889e-006	1.245043e+000	8.065783e-001	5.749223e-001	4.910891e-001	1.291089e+000	5.775256e-001	1.770553e+000	9.000000e-001	1.800000e+000	1.578845e-001	1.618728e+000	1.773374e+000	1.245316e+000	5.787532e-001	1.769731e+000	3.309085e-001	8.882862e-001	1.181160e+000	6.300000e-001	6.364867e-001	-1.227613e-006	8.215084e-007
2.546412204734527e-006	1.245046e+000	8.072897e-001	5.717599e-001	4.910891e-001	1.291089e+000	5.776882e-001	1.771291e+000	9.000000e-001	1.800000e+000	1.574410e-001	1.618948e+000	1.773996e+000	1.248355e+000	5.780403e-001	1.770386e+000	3.338735e-001	8.881854e-001	1.181207e+000	6.300000e-001	6.363476e-001	-3.520616e-007	9.047633e-007
2.556222434239225e-006	1.245046e+000	8.079116e-001	5.688004e-001	4.910891e-001	1.291089e+000	5.785061e-001	1.772096e+000	9.000000e-001	1.800000e+000	1.570047e-001	1.618995e+000	1.774674e+000	1.251259e+000	5.779866e-001	1.771219e+000	3.366108e-001	8.880002e-001	1.181550e+000	6.300000e-001	6.357591e-001	5.194859e-007	8.767283e-007
2.557466128591545e-006	1.245046e+000	8.079711e-001	5.684985e-001	4.910891e-001	1.291089e+000	5.786629e-001	1.772191e+000	9.000000e-001	1.800000e+000	1.569575e-001	1.618982e+000	1.774753e+000	1.251562e+000	5.780481e-001	1.771328e+000	3.368857e-001	8.879712e-001	1.181618e+000	6.300000e-001	6.356484e-001	6.149137e-007	8.627744e-007
2.559953517296183e-006	1.245045e+000	8.080577e-001	5.680267e-001	4.910891e-001	1.291089e+000	5.790433e-001	1.772363e+000	9.000000e-001	1.800000e+000	1.568784e-001	1.618929e+000	1.774898e+000	1.252048e+000	5.782663e-001	1.771542e+000	3.373070e-001	8.879066e-001	1.181784e+000	6.300000e-001	6.353815e-001	7.770183e-007	8.211159e-007
2.564928294705460e-006	1.245042e+000	8.081962e-001	5.672337e-001	4.910891e-001	1.291089e+000	5.798503e-001	1.772682e+000	9.000000e-001	1.800000e+000	1.567380e-001	1.618799e+000	1.775167e+000	1.252878e+000	5.787837e-001	1.771956e+000	3.380043e-001	8.877738e-001	1.182137e+000	6.300000e-001	6.348162e-001	1.066557e-006	7.268100e-007
2.566171989057779e-006	1.245041e+000	8.082221e-001	5.670744e-001	4.910891e-001	1.291089e+000	5.800620e-001	1.772756e+000	9.000000e-001	1.800000e+000	1.567076e-001	1.618761e+000	1.775229e+000	1.253049e+000	5.789322e-001	1.772055e+000	3.381412e-001	8.877400e-001	1.182229e+000	6.300000e-001	6.346681e-001	1.129867e-006	7.007213e-007
2.566482912645859e-006	1.245041e+000	8.082271e-001	5.670414e-001	4.910891e-001	1.291089e+000	5.801165e-001	1.772773e+000	9.000000e-001	1.800000e+000	1.567008e-001	1.618751e+000	1.775243e+000	1.253086e+000	5.789724e-001	1.772079e+000	3.381689e-001	8.877314e-001	1.182253e+000	6.300000e-001	6.346300e-001	1.144106e-006	6.937934e-007
2.567104759822019e-006	1.245041e+000	8.082359e-001	5.669798e-001	4.910891e-001	1.291089e+000	5.802262e-001	1.772806e+000	9.000000e-001	1.800000e+000	1.566879e-001	1.618729e+000	1.775271e+000	1.253154e+000	5.790547e-001	1.772127e+000	3.382201e-001	8.877143e-001	1.182301e+000	6.300000e-001	6.345534e-001	1.171502e-006	6.797213e-007
2.568348454174338e-006	1.245040e+000	8.082518e-001	5.668660e-001	4.910891e-001	1.291089e+000	5.804467e-001	1.772871e+000	9.000000e-001	1.800000e+000	1.566630e-001	1.618685e+000	1.775326e+000	1.253283e+000	5.792227e-001	1.772220e+000	3.383133e-001	8.876800e-001	1.182398e+000	6.300000e-001	6.343993e-001	1.224043e-006	6.511410e-007
2.568659377762418e-006	1.245040e+000	8.082551e-001	5.668403e-001	4.910891e-001	1.291089e+000	5.805022e-001	1.772887e+000	9.000000e-001	1.800000e+000	1.566571e-001	1.618673e+000	1.775339e+000	1.253312e+000	5.792657e-001	1.772243e+000	3.383341e-001	8.876715e-001	1.182422e+000	6.300000e-001	6.343606e-001	1.236510e-006	6.438732e-007
2.569281224938578e-006	1.245040e+000	8.082604e-001	5.667952e-001	4.910891e-001	1.291089e+000	5.806139e-001	1.772917e+000	9.000000e-001	1.800000e+000	1.566462e-001	1.618650e+000	1.775365e+000	1.253365e+000	5.793539e-001	1.772288e+000	3.383694e-001	8.876543e-001	1.182471e+000	6.300000e-001	6.342826e-001	1.259893e-006	6.290730e-007
2.570524919290897e-006	1.245039e+000	8.082675e-001	5.667221e-001	4.910891e-001	1.291089e+000	5.808380e-001	1.772974e+000	9.000000e-001	1.800000e+000	1.566264e-001	1.618601e+000	1.775413e+000	1.253455e+000	5.795355e-001	1.772375e+000	3.384239e-001	8.876203e-001	1.182570e+000	6.300000e-001	6.341259e-001	1.302463e-006	5.988674e-007
2.573012307995535e-006	1.245037e+000	8.082675e-001	5.666426e-001	4.910891e-001	1.291089e+000	5.812864e-001	1.773075e+000	9.000000e-001	1.800000e+000	1.565954e-001	1.618497e+000	1.775497e+000	1.253571e+000	5.799157e-001	1.772538e+000	3.384698e-001	8.875533e-001	1.182767e+000	6.300000e-001	6.338130e-001	1.370665e-006	5.365954e-007
2.577987085404812e-006	1.245034e+000	8.082377e-001	5.666260e-001	4.910891e-001	1.291089e+000	5.821770e-001	1.773244e+000	9.000000e-001	1.800000e+000	1.565519e-001	1.618280e+000	1.775640e+000	1.253665e+000	5.807065e-001	1.772835e+000	3.384270e-001	8.874227e-001	1.183158e+000	6.300000e-001	6.331914e-001	1.470434e-006	4.088720e-007
2.579230779757131e-006	1.245033e+000	8.082222e-001	5.666603e-001	4.910891e-001	1.291089e+000	5.823953e-001	1.773278e+000	9.000000e-001	1.800000e+000	1.565461e-001	1.618223e+000	1.775668e+000	1.253651e+000	5.809101e-001	1.772901e+000	3.383802e-001	8.873913e-001	1.183254e+000	6.300000e-001	6.330391e-001	1.485197e-006	3.764324e-007
2.581718168461770e-006	1.245031e+000	8.081744e-001	5.668110e-001	4.910891e-001	1.291089e+000	5.828154e-001	1.773325e+000	9.000000e-001	1.800000e+000	1.565458e-001	1.618106e+000	1.775708e+000	1.253543e+000	5.813233e-001	1.773013e+000	3.382098e-001	8.873324e-001	1.183439e+000	6.300000e-001	6.327462e-001	1.492126e-006	3.113891e-007
2.586692945871047e-006	1.245027e+000	8.080435e-001	5.672889e-001	4.910891e-001	1.291089e+000	5.835787e-001	1.773369e+000	9.000000e-001	1.800000e+000	1.565713e-001	1.617876e+000	1.775746e+000	1.253152e+000	5.821262e-001	1.773183e+000	3.377070e-001	8.872289e-001	1.183775e+000	6.300000e-001	6.322146e-001	1.452489e-006	1.861488e-007
2.596642500689601e-006	1.245021e+000	8.076998e-001	5.686691e-001	4.910891e-001	1.291089e+000	5.847676e-001	1.773307e+000	9.000000e-001	1.800000e+000	1.566932e-001	1.617464e+000	1.775694e+000	1.251933e+000	5.835425e-001	1.773340e+000	3.363226e-001	8.870798e-001	1.184302e+000	6.300000e-001	6.313897e-001	1.225129e-006	-3.308974e-008
2.610957837497489e-006	1.245013e+000	8.071299e-001	5.710700e-001	4.910891e-001	1.291089e+000	5.859348e-001	1.773029e+000	9.000000e-001	1.800000e+000	1.569492e-001	1.616970e+000	1.775462e+000	1.249733e+000	5.852088e-001	1.773319e+000	3.339757e-001	8.869545e-001	1.184826e+000	6.300000e-001	6.305870e-001	7.260055e-007	-2.902798e-007
2.613204317116722e-006	1.245012e+000	8.070369e-001	5.714731e-001	4.910891e-001	1.291089e+000	5.860343e-001	1.772964e+000	9.000000e-001	1.800000e+000	1.569971e-001	1.616912e+000	1.775408e+000	1.249356e+000	5.854036e-001	1.773284e+000	3.335883e-001	8.869480e-001	1.184873e+000	6.300000e-001	6.305201e-001	6.306950e-007	-3.203543e-007
2.613765937021530e-006	1.245012e+000	8.070138e-001	5.715752e-001	4.910891e-001	1.291089e+000	5.860458e-001	1.772945e+000	9.000000e-001	1.800000e+000	1.570099e-001	1.616900e+000	1.775392e+000	1.249259e+000	5.854409e-001	1.773271e+000	3.334912e-001	8.869485e-001	1.184878e+000	6.300000e-001	6.305129e-001	6.048969e-007	-3.261231e-007
2.614889176831146e-006	1.245012e+000	8.069683e-001	5.717767e-001	4.910891e-001	1.291089e+000	5.860626e-001	1.772906e+000	9.000000e-001	1.800000e+000	1.570355e-001	1.616879e+000	1.775359e+000	1.249067e+000	5.855093e-001	1.773243e+000	3.332999e-001	8.869503e-001	1.184887e+000	6.300000e-001	6.305028e-001	5.531765e-007	-3.367408e-007
2.617135656450379e-006	1.245011e+000	8.068806e-001	5.721674e-001	4.910891e-001	1.291089e+000	5.860731e-001	1.772826e+000	9.000000e-001	1.800000e+000	1.570863e-001	1.616844e+000	1.775292e+000	1.248694e+000	5.856229e-001	1.773181e+000	3.329307e-001	8.869572e-001	1.184895e+000	6.300000e-001	6.304988e-001	4.501865e-007	-3.543367e-007
2.621628615688843e-006	1.245010e+000	8.067138e-001	5.729176e-001	4.910891e-001	1.291089e+000	5.860443e-001	1.772664e+000	9.000000e-001	1.800000e+000	1.571863e-001	1.616789e+000	1.775156e+000	1.247973e+000	5.857979e-001	1.773045e+000	3.322253e-001	8.869780e-001	1.184889e+000	6.300000e-001	6.305258e-001	2.463646e-007	-3.813934e-007
2.622751855498460e-006	1.245010e+000	8.066748e-001	5.730948e-001	4.910891e-001	1.291089e+000	5.860236e-001	1.772622e+000	9.000000e-001	1.800000e+000	1.572106e-001	1.616780e+000	1.775121e+000	1.247802e+000	5.858271e-001	1.773008e+000	3.320597e-001	8.869850e-001	1.184882e+000	6.300000e-001	6.305420e-001	1.965506e-007	-3.858655e-007
2.624998335117692e-006	1.245010e+000	8.066016e-001	5.734315e-001	4.910891e-001	1.291089e+000	5.859618e-001	1.772540e+000	9.000000e-001	1.800000e+000	1.572580e-001	1.616768e+000	1.775052e+000	1.247474e+000	5.858626e-001	1.772931e+000	3.317466e-001	8.870018e-001	1.184858e+000	6.300000e-001	6.305888e-001	9.915815e-008	-3.912127e-007
2.625559955022500e-006	1.245010e+000	8.065841e-001	5.735127e-001	4.910891e-001	1.291089e+000	5.859436e-001	1.772519e+000	9.000000e-001	1.800000e+000	1.572696e-001	1.616766e+000	1.775034e+000	1.247395e+000	5.858683e-001	1.772911e+000	3.316713e-001	8.870064e-001	1.184851e+000	6.300000e-001	6.306024e-001	7.527794e-008	-3.920374e-007
2.626683194832116e-006	1.245010e+000	8.065503e-001	5.736698e-001	4.910891e-001	1.291089e+000	5.859025e-001	1.772478e+000	9.000000e-001	1.800000e+000	1.572922e-001	1.616763e+000	1.775000e+000	1.247241e+000	5.858741e-001	1.772871e+000	3.315260e-001	8.870161e-001	1.184835e+000	6.300000e-001	6.306329e-001	2.835271e-008	-3.928162e-007
2.626964004784521e-006	1.245010e+000	8.065421e-001	5.737083e-001	4.910891e-001	1.291089e+000	5.858915e-001	1.772468e+000	9.000000e-001	1.800000e+000	1.572978e-001	1.616763e+000	1.774991e+000	1.247203e+000	5.858748e-001	1.772861e+000	3.314905e-001	8.870187e-001	1.184830e+000	6.300000e-001	6.306410e-001	1.675961e-008	-3.928864e-007
2.627525624689329e-006	1.245010e+000	8.065259e-001	5.737839e-001	4.910891e-001	1.291089e+000	5.858686e-001	1.772447e+000	9.000000e-001	1.800000e+000	1.573089e-001	1.616762e+000	1.774974e+000	1.247128e+000	5.858748e-001	1.772840e+000	3.314208e-001	8.870238e-001	1.184821e+000	6.300000e-001	6.306579e-001	-6.186388e-009	-3.928145e-007
2.627666029665531e-006	1.245010e+000	8.065220e-001	5.738026e-001	4.910891e-001	1.291089e+000	5.858628e-001	1.772442e+000	9.000000e-001	1.800000e+000	1.573117e-001	1.616762e+000	1.774970e+000	1.247110e+000	5.858746e-001	1.772835e+000	3.314036e-001	8.870251e-001	1.184819e+000	6.300000e-001	6.306622e-001	-1.188588e-008	-3.927659e-007
2.627946839617935e-006	1.245010e+000	8.065141e-001	5.738397e-001	4.910891e-001	1.291089e+000	5.858507e-001	1.772432e+000	9.000000e-001	1.800000e+000	1.573171e-001	1.616762e+000	1.774961e+000	1.247073e+000	5.858740e-001	1.772825e+000	3.313695e-001	8.870278e-001	1.184814e+000	6.300000e-001	6.306710e-001	-2.322115e-008	-3.926165e-007
2.628017042106036e-006	1.245010e+000	8.065122e-001	5.738489e-001	4.910891e-001	1.291089e+000	5.858477e-001	1.772430e+000	9.000000e-001	1.800000e+000	1.573185e-001	1.616762e+000	1.774959e+000	1.247064e+000	5.858737e-001	1.772822e+000	3.313610e-001	8.870285e-001	1.184813e+000	6.300000e-001	6.306733e-001	-2.604679e-008	-3.925726e-007
2.628034592728061e-006	1.245010e+000	8.065116e-001	5.738512e-001	4.910891e-001	1.291089e+000	5.858469e-001	1.772429e+000	9.000000e-001	1.800000e+000	1.573188e-001	1.616762e+000	1.774959e+000	1.247062e+000	5.858737e-001	1.772822e+000	3.313589e-001	8.870286e-001	1.184812e+000	6.300000e-001	6.306738e-001	-2.675164e-008	-3.925604e-007
2.628069693972112e-006	1.245010e+000	8.065107e-001	5.738558e-001	4.910891e-001	1.291089e+000	5.858454e-001	1.772428e+000	9.000000e-001	1.800000e+000	1.573195e-001	1.616762e+000	1.774958e+000	1.247058e+000	5.858735e-001	1.772820e+000	3.313547e-001	8.870289e-001	1.184812e+000	6.300000e-001	6.306750e-001	-2.816077e-008	-3.925355e-007
2.628078469283124e-006	1.245010e+000	8.065104e-001	5.738569e-001	4.910891e-001	1.291089e+000	5.858450e-001	1.772427e+000	9.000000e-001	1.800000e+000	1.573197e-001	1.616762e+000	1.774957e+000	1.247056e+000	5.858735e-001	1.772820e+000	3.313537e-001	8.870291e-001	1.184812e+000	6.300000e-001	6.306753e-001	-2.851291e-008	-3.925292e-007
2.628096019905150e-006	1.245010e+000	8.065100e-001	5.738592e-001	4.910891e-001	1.291089e+000	5.858442e-001	1.772427e+000	9.000000e-001	1.800000e+000	1.573200e-001	1.616762e+000	1.774957e+000	1.247054e+000	5.858734e-001	1.772819e+000	3.313515e-001	8.870292e-001	1.184811e+000	6.300000e-001	6.306758e-001	-2.921691e-008	-3.925163e-007
2.628100407560656e-006	1.245010e+000	8.065099e-001	5.738598e-001	4.910891e-001	1.291089e+000	5.858440e-001	1.772427e+000	9.000000e-001	1.800000e+000	1.573201e-001	1.616762e+000	1.774957e+000	1.247054e+000	5.858734e-001	1.772819e+000	3.313510e-001	8.870292e-001	1.184811e+000	6.300000e-001	6.306760e-001	-2.939288e-008	-3.925131e-007
2.628109182871668e-006	1.245010e+000	8.065096e-001	5.738609e-001	4.910891e-001	1.291089e+000	5.858436e-001	1.772426e+000	9.000000e-001	1.800000e+000	1.573203e-001	1.616762e+000	1.774956e+000	1.247052e+000	5.858734e-001	1.772819e+000	3.313500e-001	8.870293e-001	1.184811e+000	6.300000e-001	6.306762e-001	-2.974471e-008	-3.925065e-007
2.628126733493694e-006	1.245010e+000	8.065091e-001	5.738632e-001	4.910891e-001	1.291089e+000	5.858428e-001	1.772426e+000	9.000000e-001	1.800000e+000	1.573206e-001	1.616762e+000	1.774956e+000	1.247050e+000	5.858733e-001	1.772818e+000	3.313479e-001	8.870295e-001	1.184811e+000	6.300000e-001	6.306768e-001	-3.044824e-008	-3.924932e-007
2.628131121149200e-006	1.245010e+000	8.065090e-001	5.738638e-001	4.910891e-001	1.291089e+000	5.858427e-001	1.772426e+000	9.000000e-001	1.800000e+000	1.573207e-001	1.616762e+000	1.774956e+000	1.247050e+000	5.858733e-001	1.772818e+000	3.313473e-001	8.870295e-001	1.184811e+000	6.300000e-001	6.306769e-001	-3.062408e-008	-3.924899e-007
2.628139896460213e-006	1.245010e+000	8.065088e-001	5.738649e-001	4.910891e-001	1.291089e+000	5.858423e-001	1.772425e+000	9.000000e-001	1.800000e+000	1.573209e-001	1.616762e+000	1.774956e+000	1.247048e+000	5.858732e-001	1.772818e+000	3.313463e-001	8.870296e-001	1.184811e+000	6.300000e-001	6.306772e-001	-3.097567e-008	-3.924831e-007
2.628157447082238e-006	1.245010e+000	8.065082e-001	5.738672e-001	4.910891e-001	1.291089e+000	5.858415e-001	1.772425e+000	9.000000e-001	1.800000e+000	1.573212e-001	1.616762e+000	1.774955e+000	1.247046e+000	5.858732e-001	1.772817e+000	3.313442e-001	8.870298e-001	1.184810e+000	6.300000e-001	6.306778e-001	-3.167860e-008	-3.924694e-007
2.628192548326289e-006	1.245010e+000	8.065073e-001	5.738718e-001	4.910891e-001	1.291089e+000	5.858399e-001	1.772423e+000	9.000000e-001	1.800000e+000	1.573219e-001	1.616762e+000	1.774954e+000	1.247042e+000	5.858730e-001	1.772816e+000	3.313400e-001	8.870301e-001	1.184810e+000	6.300000e-001	6.306790e-001	-3.308339e-008	-3.924412e-007
2.628262750814390e-006	1.245010e+000	8.065054e-001	5.738809e-001	4.910891e-001	1.291089e+000	5.858368e-001	1.772421e+000	9.000000e-001	1.800000e+000	1.573233e-001	1.616762e+000	1.774952e+000	1.247033e+000	5.858727e-001	1.772813e+000	3.313316e-001	8.870308e-001	1.184808e+000	6.300000e-001	6.306812e-001	-3.588874e-008	-3.923814e-007
2.628403155790592e-006	1.245010e+000	8.065015e-001	5.738990e-001	4.910891e-001	1.291089e+000	5.858305e-001	1.772416e+000	9.000000e-001	1.800000e+000	1.573260e-001	1.616762e+000	1.774948e+000	1.247015e+000	5.858720e-001	1.772808e+000	3.313150e-001	8.870322e-001	1.184806e+000	6.300000e-001	6.306858e-001	-4.148239e-008	-3.922488e-007
2.628683965742996e-006	1.245010e+000	8.064940e-001	5.739349e-001	4.910891e-001	1.291089e+000	5.858177e-001	1.772406e+000	9.000000e-001	1.800000e+000	1.573313e-001	1.616763e+000	1.774939e+000	1.246979e+000	5.858703e-001	1.772798e+000	3.312821e-001	8.870349e-001	1.184801e+000	6.300000e-001	6.306952e-001	-5.260037e-008	-3.919319e-007
2.629245585647804e-006	1.245010e+000	8.064790e-001	5.740058e-001	4.910891e-001	1.291089e+000	5.857914e-001	1.772386e+000	9.000000e-001	1.800000e+000	1.573419e-001	1.616764e+000	1.774922e+000	1.246909e+000	5.858660e-001	1.772777e+000	3.312171e-001	8.870405e-001	1.184790e+000	6.300000e-001	6.307145e-001	-7.468307e-008	-3.911851e-007
2.629385990624006e-006	1.245010e+000	8.064753e-001	5.740234e-001	4.910891e-001	1.291089e+000	5.857847e-001	1.772381e+000	9.000000e-001	1.800000e+000	1.573445e-001	1.616764e+000	1.774918e+000	1.246892e+000	5.858648e-001	1.772772e+000	3.312010e-001	8.870419e-001	1.184787e+000	6.300000e-001	6.307194e-001	-8.016534e-008	-3.909706e-007
2.629421091868056e-006	1.245010e+000	8.064744e-001	5.740277e-001	4.910891e-001	1.291089e+000	5.857829e-001	1.772379e+000	9.000000e-001	1.800000e+000	1.573452e-001	1.616764e+000	1.774917e+000	1.246887e+000	5.858645e-001	1.772770e+000	3.311970e-001	8.870422e-001	1.184786e+000	6.300000e-001	6.307206e-001	-8.152919e-008	-3.909121e-007
2.629491294356157e-006	1.245010e+000	8.064727e-001	5.740364e-001	4.910891e-001	1.291089e+000	5.857795e-001	1.772377e+000	9.000000e-001	1.800000e+000	1.573465e-001	1.616764e+000	1.774915e+000	1.246879e+000	5.858638e-001	1.772768e+000	3.311890e-001	8.870429e-001	1.184785e+000	6.300000e-001	6.307231e-001	-8.425440e-008	-3.907935e-007
2.629508844978183e-006	1.245010e+000	8.064722e-001	5.740386e-001	4.910891e-001	1.291089e+000	5.857787e-001	1.772376e+000	9.000000e-001	1.800000e+000	1.573468e-001	1.616764e+000	1.774914e+000	1.246877e+000	5.858636e-001	1.772767e+000	3.311871e-001	8.870431e-001	1.184785e+000	6.300000e-001	6.307238e-001	-8.493505e-008	-3.907634e-007
2.629543946222233e-006	1.245010e+000	8.064713e-001	5.740429e-001	4.910891e-001	1.291089e+000	5.857770e-001	1.772375e+000	9.000000e-001	1.800000e+000	1.573475e-001	1.616764e+000	1.774913e+000	1.246872e+000	5.858633e-001	1.772766e+000	3.311831e-001	8.870435e-001	1.184784e+000	6.300000e-001	6.307250e-001	-8.629522e-008	-3.907024e-007
2.629552721533246e-006	1.245010e+000	8.064710e-001	5.740440e-001	4.910891e-001	1.291089e+000	5.857766e-001	1.772375e+000	9.000000e-001	1.800000e+000	1.573476e-001	1.616764e+000	1.774913e+000	1.246871e+000	5.858632e-001	1.772765e+000	3.311821e-001	8.870436e-001	1.184784e+000	6.300000e-001	6.307253e-001	-8.663513e-008	-3.906870e-007
2.629554915360999e-006	1.245010e+000	8.064710e-001	5.740442e-001	4.910891e-001	1.291089e+000	5.857764e-001	1.772375e+000	9.000000e-001	1.800000e+000	1.573477e-001	1.616764e+000	1.774913e+000	1.246871e+000	5.858632e-001	1.772765e+000	3.311819e-001	8.870436e-001	1.184784e+000	6.300000e-001	6.307254e-001	-8.672007e-008	-3.906831e-007
2.629555463817937e-006	1.245010e+000	8.064710e-001	5.740443e-001	4.910891e-001	1.291089e+000	5.857764e-001	1.772375e+000	9.000000e-001	1.800000e+000	1.573477e-001	1.616764e+000	1.774913e+000	1.246871e+000	5.858632e-001	1.772765e+000	3.311818e-001	8.870436e-001	1.184784e+000	6.300000e-001	6.307254e-001	-8.674131e-008	-3.906822e-007
2.629556560731814e-006	1.245010e+000	8.064709e-001	5.740445e-001	4.910891e-001	1.291089e+000	5.857764e-001	1.772375e+000	9.000000e-001	1.800000e+000	1.573477e-001	1.616764e+000	1.774913e+000	1.246871e+000	5.858632e-001	1.772765e+000	3.311817e-001	8.870436e-001	1.184784e+000	6.300000e-001	6.307254e-001	-8.678379e-008	-3.906802e-007
2.629558754559567e-006	1.245010e+000	8.064709e-001	5.740447e-001	4.910891e-001	1.291089e+000	5.857763e-001	1.772375e+000	9.000000e-001	1.800000e+000	1.573478e-001	1.616764e+000	1.774913e+000	1.246871e+000	5.858631e-001	1.772765e+000	3.311814e-001	8.870437e-001	1.184784e+000	6.300000e-001	6.307255e-001	-8.686872e-008	-3.906764e-007
2.629563142215073e-006	1.245010e+000	8.064708e-001	5.740452e-001	4.910891e-001	1.291089e+000	5.857760e-001	1.772374e+000	9.000000e-001	1.800000e+000	1.573478e-001	1.616764e+000	1.774913e+000	1.246870e+000	5.858631e-001	1.772765e+000	3.311809e-001	8.870437e-001	1.184784e+000	6.300000e-001	6.307257e-001	-8.703859e-008	-3.906687e-007
2.629564239128950e-006	1.245010e+000	8.064708e-001	5.740454e-001	4.910891e-001	1.291089e+000	5.857760e-001	1.772374e+000	9.000000e-001	1.800000e+000	1.573479e-001	1.616764e+000	1.774913e+000	1.246870e+000	5.858631e-001	1.772765e+000	3.311808e-001	8.870437e-001	1.184784e+000	6.300000e-001	6.307257e-001	-8.708106e-008	-3.906667e-007
2.629566432956703e-006	1.245010e+000	8.064707e-001	5.740457e-001	4.910891e-001	1.291089e+000	5.857759e-001	1.772374e+000	9.000000e-001	1.800000e+000	1.573479e-001	1.616764e+000	1.774913e+000	1.246870e+000	5.858631e-001	1.772765e+000	3.311806e-001	8.870437e-001	1.184784e+000	6.300000e-001	6.307258e-001	-8.716599e-008	-3.906628e-007
2.629570820612209e-006	1.245010e+000	8.064706e-001	5.740462e-001	4.910891e-001	1.291089e+000	5.857757e-001	1.772374e+000	9.000000e-001	1.800000e+000	1.573480e-001	1.616764e+000	1.774913e+000	1.246869e+000	5.858630e-001	1.772765e+000	3.311801e-001	8.870438e-001	1.184783e+000	6.300000e-001	6.307260e-001	-8.733582e-008	-3.906551e-007
2.629579595923222e-006	1.245010e+000	8.064703e-001	5.740473e-001	4.910891e-001	1.291089e+000	5.857753e-001	1.772374e+000	9.000000e-001	1.800000e+000	1.573482e-001	1.616764e+000	1.774912e+000	1.246868e+000	5.858629e-001	1.772764e+000	3.311791e-001	8.870438e-001	1.184783e+000	6.300000e-001	6.307263e-001	-8.767541e-008	-3.906395e-007
2.629597146545247e-006	1.245010e+000	8.064699e-001	5.740495e-001	4.910891e-001	1.291089e+000	5.857744e-001	1.772373e+000	9.000000e-001	1.800000e+000	1.573485e-001	1.616764e+000	1.774912e+000	1.246866e+000	5.858628e-001	1.772764e+000	3.311771e-001	8.870440e-001	1.184783e+000	6.300000e-001	6.307269e-001	-8.835431e-008	-3.906082e-007
2.629632247789298e-006	1.245010e+000	8.064690e-001	5.740538e-001	4.910891e-001	1.291089e+000	5.857727e-001	1.772372e+000	9.000000e-001	1.800000e+000	1.573491e-001	1.616764e+000	1.774911e+000	1.246862e+000	5.858624e-001	1.772762e+000	3.311732e-001	8.870444e-001	1.184782e+000	6.300000e-001	6.307281e-001	-8.971095e-008	-3.905447e-007
2.629702450277399e-006	1.245010e+000	8.064672e-001	5.740623e-001	4.910891e-001	1.291089e+000	5.857692e-001	1.772369e+000	9.000000e-001	1.800000e+000	1.573504e-001	1.616764e+000	1.774909e+000	1.246853e+000	5.858616e-001	1.772760e+000	3.311653e-001	8.870451e-001	1.184781e+000	6.300000e-001	6.307307e-001	-9.241965e-008	-3.904146e-007
2.629842855253601e-006	1.245010e+000	8.064636e-001	5.740795e-001	4.910891e-001	1.291089e+000	5.857623e-001	1.772364e+000	9.000000e-001	1.800000e+000	1.573530e-001	1.616765e+000	1.774904e+000	1.246836e+000	5.858600e-001	1.772755e+000	3.311497e-001	8.870465e-001	1.184778e+000	6.300000e-001	6.307358e-001	-9.781856e-008	-3.901418e-007
2.630123665206005e-006	1.245010e+000	8.064566e-001	5.741133e-001	4.910891e-001	1.291089e+000	5.857480e-001	1.772354e+000	9.000000e-001	1.800000e+000	1.573582e-001	1.616766e+000	1.774896e+000	1.246803e+000	5.858566e-001	1.772744e+000	3.311188e-001	8.870494e-001	1.184772e+000	6.300000e-001	6.307461e-001	-1.085413e-007	-3.895461e-007
2.630685285110813e-006	1.245010e+000	8.064427e-001	5.741801e-001	4.910891e-001	1.291089e+000	5.857191e-001	1.772335e+000	9.000000e-001	1.800000e+000	1.573684e-001	1.616768e+000	1.774880e+000	1.246736e+000	5.858489e-001	1.772723e+000	3.310578e-001	8.870553e-001	1.184760e+000	6.300000e-001	6.307672e-001	-1.298211e-007	-3.882455e-007
2.630825690087015e-006	1.245010e+000	8.064393e-001	5.741966e-001	4.910891e-001	1.291089e+000	5.857117e-001	1.772330e+000	9.000000e-001	1.800000e+000	1.573709e-001	1.616768e+000	1.774876e+000	1.246720e+000	5.858468e-001	1.772718e+000	3.310428e-001	8.870568e-001	1.184757e+000	6.300000e-001	6.307725e-001	-1.350933e-007	-3.878894e-007
2.631106500039419e-006	1.245010e+000	8.064326e-001	5.742290e-001	4.910891e-001	1.291089e+000	5.856966e-001	1.772320e+000	9.000000e-001	1.800000e+000	1.573759e-001	1.616769e+000	1.774867e+000	1.246687e+000	5.858421e-001	1.772707e+000	3.310134e-001	8.870598e-001	1.184751e+000	6.300000e-001	6.307835e-001	-1.455252e-007	-3.871066e-007
2.631668119944227e-006	1.245010e+000	8.064196e-001	5.742922e-001	4.910891e-001	1.291089e+000	5.856656e-001	1.772301e+000	9.000000e-001	1.800000e+000	1.573857e-001	1.616772e+000	1.774851e+000	1.246624e+000	5.858317e-001	1.772686e+000	3.309559e-001	8.870659e-001	1.184738e+000	6.300000e-001	6.308060e-001	-1.660741e-007	-3.853528e-007
2.632791359753843e-006	1.245010e+000	8.063952e-001	5.744123e-001	4.910891e-001	1.291089e+000	5.856003e-001	1.772263e+000	9.000000e-001	1.800000e+000	1.574046e-001	1.616778e+000	1.774819e+000	1.246503e+000	5.858061e-001	1.772644e+000	3.308473e-001	8.870785e-001	1.184711e+000	6.300000e-001	6.308532e-001	-2.058295e-007	-3.810981e-007
2.635037839373076e-006	1.245010e+000	8.063528e-001	5.746265e-001	4.910891e-001	1.291089e+000	5.854583e-001	1.772190e+000	9.000000e-001	1.800000e+000	1.574396e-001	1.616797e+000	1.774758e+000	1.246286e+000	5.857379e-001	1.772560e+000	3.306552e-001	8.871047e-001	1.184652e+000	6.300000e-001	6.309555e-001	-2.796059e-007	-3.698084e-007
2.639530798611541e-006	1.245011e+000	8.062933e-001	5.749508e-001	4.910891e-001	1.291089e+000	5.851419e-001	1.772060e+000	9.000000e-001	1.800000e+000	1.574969e-001	1.616850e+000	1.774648e+000	1.245948e+000	5.855442e-001	1.772398e+000	3.303714e-001	8.871597e-001	1.184518e+000	6.300000e-001	6.311817e-001	-4.023481e-007	-3.379499e-007
2.648516717088471e-006	1.245013e+000	8.062632e-001	5.752202e-001	4.910891e-001	1.291089e+000	5.844731e-001	1.771875e+000	9.000000e-001	1.800000e+000	1.575619e-001	1.616997e+000	1.774492e+000	1.245632e+000	5.850211e-001	1.772127e+000	3.301628e-001	8.872656e-001	1.184231e+000	6.300000e-001	6.316552e-001	-5.480155e-007	-2.523857e-007
2.666488554042331e-006	1.245019e+000	8.064069e-001	5.748333e-001	4.910891e-001	1.291089e+000	5.833178e-001	1.771738e+000	9.000000e-001	1.800000e+000	1.575585e-001	1.617318e+000	1.774377e+000	1.245901e+000	5.838841e-001	1.771807e+000	3.306040e-001	8.874276e-001	1.183725e+000	6.300000e-001	6.324636e-001	-5.663534e-007	-6.836876e-008
2.689729974483252e-006	1.245025e+000	8.067660e-001	5.734798e-001	4.910891e-001	1.291089e+000	5.822760e-001	1.771833e+000	9.000000e-001	1.800000e+000	1.574190e-001	1.617689e+000	1.774456e+000	1.247106e+000	5.825850e-001	1.771695e+000	3.319472e-001	8.875489e-001	1.183259e+000	6.300000e-001	6.331819e-001	-3.089803e-007	1.384548e-007
2.692994031951545e-006	1.245025e+000	8.068237e-001	5.732393e-001	4.910891e-001	1.291089e+000	5.822150e-001	1.771874e+000	9.000000e-001	1.800000e+000	1.573890e-001	1.617724e+000	1.774490e+000	1.247331e+000	5.824653e-001	1.771717e+000	3.321777e-001	8.875522e-001	1.183230e+000	6.300000e-001	6.332225e-001	-2.503328e-007	1.568101e-007
2.699522146888133e-006	1.245026e+000	8.069270e-001	5.727780e-001	4.910891e-001	1.291089e+000	5.822475e-001	1.771980e+000	9.000000e-001	1.800000e+000	1.573251e-001	1.617754e+000	1.774579e+000	1.247775e+000	5.823702e-001	1.771810e+000	3.326100e-001	8.875366e-001	1.183240e+000	6.300000e-001	6.331957e-001	-1.226605e-007	1.696423e-007
2.712578376761307e-006	1.245026e+000	8.070945e-001	5.719983e-001	4.910891e-001	1.291089e+000	5.824522e-001	1.772186e+000	9.000000e-001	1.800000e+000	1.572108e-001	1.617767e+000	1.774752e+000	1.248539e+000	5.823439e-001	1.772017e+000	3.333310e-001	8.874885e-001	1.183323e+000	6.300000e-001	6.330458e-001	1.083567e-007	1.691621e-007
2.714930349982891e-006	1.245026e+000	8.071159e-001	5.718918e-001	4.910891e-001	1.291089e+000	5.825118e-001	1.772220e+000	9.000000e-001	1.800000e+000	1.571938e-001	1.617760e+000	1.774781e+000	1.248647e+000	5.823686e-001	1.772056e+000	3.334274e-001	8.874773e-001	1.183349e+000	6.300000e-001	6.330032e-001	1.431870e-007	1.644591e-007
2.719634296426059e-006	1.245025e+000	8.071396e-001	5.717577e-001	4.910891e-001	1.291089e+000	5.826648e-001	1.772278e+000	9.000000e-001	1.800000e+000	1.571689e-001	1.617733e+000	1.774830e+000	1.248788e+000	5.824695e-001	1.772131e+000	3.335438e-001	8.874517e-001	1.183414e+000	6.300000e-001	6.328949e-001	1.953140e-007	1.471821e-007
2.729042189312393e-006	1.245024e+000	8.071474e-001	5.716655e-001	4.910891e-001	1.291089e+000	5.829779e-001	1.772357e+000	9.000000e-001	1.800000e+000	1.571423e-001	1.617663e+000	1.774896e+000	1.248904e+000	5.827245e-001	1.772252e+000	3.336098e-001	8.874033e-001	1.183550e+000	6.300000e-001	6.326748e-001	2.534641e-007	1.050738e-007
2.747857975085062e-006	1.245021e+000	8.070872e-001	5.718268e-001	4.910891e-001	1.291089e+000	5.835689e-001	1.772435e+000	9.000000e-001	1.800000e+000	1.571366e-001	1.617501e+000	1.774962e+000	1.248801e+000	5.832949e-001	1.772421e+000	3.334183e-001	8.873194e-001	1.183810e+000	6.300000e-001	6.322616e-001	2.740078e-007	1.308453e-008
2.751849330736563e-006	1.245021e+000	8.070618e-001	5.719221e-001	4.910891e-001	1.291089e+000	5.836694e-001	1.772433e+000	9.000000e-001	1.800000e+000	1.571447e-001	1.617468e+000	1.774961e+000	1.248719e+000	5.834100e-001	1.772438e+000	3.333218e-001	8.873066e-001	1.183854e+000	6.300000e-001	6.321920e-001	2.594231e-007	-5.154755e-009
2.759832042039563e-006	1.245020e+000	8.069969e-001	5.721896e-001	4.910891e-001	1.291089e+000	5.837928e-001	1.772400e+000	9.000000e-001	1.800000e+000	1.571745e-001	1.617415e+000	1.774933e+000	1.248474e+000	5.835916e-001	1.772433e+000	3.330613e-001	8.872942e-001	1.183910e+000	6.300000e-001	6.321076e-001	2.012342e-007	-3.343482e-008
2.775797464645565e-006	1.245019e+000	8.068821e-001	5.726895e-001	4.910891e-001	1.291089e+000	5.838642e-001	1.772307e+000	9.000000e-001	1.800000e+000	1.572376e-001	1.617355e+000	1.774855e+000	1.248001e+000	5.837892e-001	1.772370e+000	3.325853e-001	8.872948e-001	1.183945e+000	6.300000e-001	6.320619e-001	7.496043e-008	-6.343203e-008
2.796589775676509e-006	1.245019e+000	8.067941e-001	5.731108e-001	4.910891e-001	1.291089e+000	5.837246e-001	1.772190e+000	9.000000e-001	1.800000e+000	1.572995e-001	1.617355e+000	1.774757e+000	1.247586e+000	5.837777e-001	1.772250e+000	3.321976e-001	8.873249e-001	1.183888e+000	6.300000e-001	6.321636e-001	-5.310788e-008	-5.983533e-008
2.822139781266183e-006	1.245020e+000	8.067895e-001	5.731930e-001	4.910891e-001	1.291089e+000	5.834268e-001	1.772117e+000	9.000000e-001	1.800000e+000	1.573233e-001	1.617423e+000	1.774695e+000	1.247481e+000	5.835338e-001	1.772136e+000	3.321399e-001	8.873709e-001	1.183759e+000	6.300000e-001	6.323735e-001	-1.070453e-007	-1.983218e-008
2.849098998795578e-006	1.245022e+000	8.068608e-001	5.729288e-001	4.910891e-001	1.291089e+000	5.831731e-001	1.772125e+000	9.000000e-001	1.800000e+000	1.572987e-001	1.617508e+000	1.774702e+000	1.247712e+000	5.832363e-001	1.772098e+000	3.324057e-001	8.874023e-001	1.183646e+000	6.300000e-001	6.325491e-001	-6.317168e-008	2.736000e-008
2.855202514420578e-006	1.245022e+000	8.068825e-001	5.728375e-001	4.910891e-001	1.291089e+000	5.831508e-001	1.772140e+000	9.000000e-001	1.800000e+000	1.572874e-001	1.617521e+000	1.774714e+000	1.247797e+000	5.831919e-001	1.772106e+000	3.324932e-001	8.874034e-001	1.183636e+000	6.300000e-001	6.325639e-001	-4.110042e-008	3.411015e-008
2.856728393326828e-006	1.245022e+000	8.068879e-001	5.728136e-001	4.910891e-001	1.291089e+000	5.831514e-001	1.772146e+000	9.000000e-001	1.800000e+000	1.572842e-001	1.617523e+000	1.774719e+000	1.247820e+000	5.831860e-001	1.772111e+000	3.325157e-001	8.874028e-001	1.183636e+000	6.300000e-001	6.325633e-001	-3.464590e-008	3.494472e-008
2.859780151139328e-006	1.245022e+000	8.068978e-001	5.727690e-001	4.910891e-001	1.291089e+000	5.831562e-001	1.772156e+000	9.000000e-001	1.800000e+000	1.572780e-001	1.617525e+000	1.774728e+000	1.247863e+000	5.831784e-001	1.772120e+000	3.325574e-001	8.874010e-001	1.183638e+000	6.300000e-001	6.325595e-001	-2.212981e-008	3.599395e-008
2.865883666764328e-006	1.245022e+000	8.069139e-001	5.726939e-001	4.910891e-001	1.291089e+000	5.831771e-001	1.772176e+000	9.000000e-001	1.800000e+000	1.572670e-001	1.617526e+000	1.774744e+000	1.247937e+000	5.831769e-001	1.772140e+000	3.326268e-001	8.873962e-001	1.183646e+000	6.300000e-001	6.325442e-001	2.796138e-010	3.589625e-008
2.878090698014328e-006	1.245022e+000	8.069309e-001	5.726061e-001	4.910891e-001	1.291089e+000	5.832436e-001	1.772207e+000	9.000000e-001	1.800000e+000	1.572522e-001	1.617517e+000	1.774771e+000	1.248027e+000	5.832126e-001	1.772178e+000	3.327052e-001	8.873844e-001	1.183674e+000	6.300000e-001	6.324968e-001	3.099918e-008	2.967652e-008
2.902504760514328e-006	1.245021e+000	8.069339e-001	5.725636e-001	4.910891e-001	1.291089e+000	5.834004e-001	1.772246e+000	9.000000e-001	1.800000e+000	1.572393e-001	1.617481e+000	1.774804e+000	1.248081e+000	5.833411e-001	1.772238e+000	3.327347e-001	8.873602e-001	1.183742e+000	6.300000e-001	6.323864e-001	5.922859e-008	8.551098e-009
2.908546146181656e-006	1.245021e+000	8.069280e-001	5.725834e-001	4.910891e-001	1.291089e+000	5.834343e-001	1.772249e+000	9.000000e-001	1.800000e+000	1.572404e-001	1.617471e+000	1.774805e+000	1.248065e+000	5.833767e-001	1.772246e+000	3.327138e-001	8.873556e-001	1.183757e+000	6.300000e-001	6.323628e-001	5.754616e-008	2.844923e-009
2.920628917516313e-006	1.245021e+000	8.069089e-001	5.726613e-001	4.910891e-001	1.291089e+000	5.834741e-001	1.772239e+000	9.000000e-001	1.800000e+000	1.572490e-001	1.617454e+000	1.774798e+000	1.247994e+000	5.834332e-001	1.772245e+000	3.326378e-001	8.873515e-001	1.183775e+000	6.300000e-001	6.323356e-001	4.091742e-008	-5.993879e-009
2.944794460185626e-006	1.245021e+000	8.068808e-001	5.727853e-001	4.910891e-001	1.291089e+000	5.834808e-001	1.772214e+000	9.000000e-001	1.800000e+000	1.572652e-001	1.617442e+000	1.774777e+000	1.247876e+000	5.834725e-001	1.772226e+000	3.325204e-001	8.873533e-001	1.183779e+000	6.300000e-001	6.323320e-001	8.331508e-009	-1.183723e-008
2.986758037090932e-006	1.245021e+000	8.068692e-001	5.728514e-001	4.910891e-001	1.291089e+000	5.834118e-001	1.772187e+000	9.000000e-001	1.800000e+000	1.572769e-001	1.617454e+000	1.774754e+000	1.247807e+000	5.834286e-001	1.772191e+000	3.324627e-001	8.873650e-001	1.183750e+000	6.300000e-001	6.323810e-001	-1.681527e-008	-4.396493e-009
3.030711900155643e-006	1.245021e+000	8.068839e-001	5.727957e-001	4.910891e-001	1.291089e+000	5.833681e-001	1.772191e+000	9.000000e-001	1.800000e+000	1.572713e-001	1.617469e+000	1.774757e+000	1.247856e+000	5.833746e-001	1.772187e+000	3.325180e-001	8.873702e-001	1.183730e+000	6.300000e-001	6.324111e-001	-6.538295e-009	4.124812e-009
3.079540025155643e-006	1.245021e+000	8.068933e-001	5.727494e-001	4.910891e-001	1.291089e+000	5.833923e-001	1.772205e+000	9.000000e-001	1.800000e+000	1.572640e-001	1.617467e+000	1.774769e+000	1.247903e+000	5.833837e-001	1.772203e+000	3.325601e-001	8.873655e-001	1.183740e+000	6.300000e-001	6.323938e-001	8.482473e-009	2.418222e-009
3.128368150155643e-006	1.245021e+000	8.068854e-001	5.727804e-001	4.910891e-001	1.291089e+000	5.834172e-001	1.772203e+000	9.000000e-001	1.800000e+000	1.572670e-001	1.617458e+000	1.774767e+000	1.247875e+000	5.834144e-001	1.772206e+000	3.325293e-001	8.873625e-001	1.183752e+000	6.300000e-001	6.323766e-001	2.836313e-009	-2.429226e-009
3.177196275155644e-006	1.245021e+000	8.068807e-001	5.728043e-001	4.910891e-001	1.291089e+000	5.834028e-001	1.772195e+000	9.000000e-001	1.800000e+000	1.572708e-001	1.617460e+000	1.774761e+000	1.247851e+000	5.834079e-001	1.772197e+000	3.325077e-001	8.873652e-001	1.183746e+000	6.300000e-001	6.323869e-001	-5.160536e-009	-1.262658e-009
3.226024400155644e-006	1.245021e+000	8.068857e-001	5.727846e-001	4.910891e-001	1.291089e+000	5.833889e-001	1.772197e+000	9.000000e-001	1.800000e+000	1.572688e-001	1.617465e+000	1.774762e+000	1.247869e+000	5.833903e-001	1.772195e+000	3.325272e-001	8.873668e-001	1.183739e+000	6.300000e-001	6.323964e-001	-1.338046e-009	1.512932e-009
3.274852525155644e-006	1.245021e+000	8.068882e-001	5.727717e-001	4.910891e-001	1.291089e+000	5.833983e-001	1.772202e+000	9.000000e-001	1.800000e+000	1.572666e-001	1.617464e+000	1.774766e+000	1.247882e+000	5.833952e-001	1.772201e+000	3.325386e-001	8.873651e-001	1.183743e+000	6.300000e-001	6.323897e-001	3.124016e-009	6.501591e-010
3.323680650155644e-006	1.245021e+000	8.068851e-001	5.727842e-001	4.910891e-001	1.291089e+000	5.834059e-001	1.772200e+000	9.000000e-001	1.800000e+000	1.572679e-001	1.617461e+000	1.774765e+000	1.247871e+000	5.834053e-001	1.772201e+000	3.325264e-001	8.873643e-001	1.183747e+000	6.300000e-001	6.323845e-001	5.913439e-010	-9.297846e-010
3.372508775155644e-006	1.245021e+000	8.068838e-001	5.727909e-001	4.910891e-001	1.291089e+000	5.833998e-001	1.772198e+000	9.000000e-001	1.800000e+000	1.572691e-001	1.617462e+000	1.774763e+000	1.247864e+000	5.834017e-001	1.772198e+000	3.325204e-001	8.873653e-001	1.183744e+000	6.300000e-001	6.323888e-001	-1.874913e-009	-3.224987e-010
3.421336900155644e-006	1.245021e+000	8.068858e-001	5.727832e-001	4.910891e-001	1.291089e+000	5.833958e-001	1.772199e+000	9.000000e-001	1.800000e+000	1.572683e-001	1.617463e+000	1.774763e+000	1.247871e+000	5.833960e-001	1.772198e+000	3.325280e-001	8.873658e-001	1.183742e+000	6.300000e-001	6.323916e-001	-2.287396e-010	5.683400e-010
3.470165025155644e-006	1.245021e+000	8.068864e-001	5.727797e-001	4.910891e-001	1.291089e+000	5.833996e-001	1.772200e+000	9.000000e-001	1.800000e+000	1.572676e-001	1.617463e+000	1.774765e+000	1.247875e+000	5.833985e-001	1.772200e+000	3.325310e-001	8.873651e-001	1.183744e+000	6.300000e-001	6.323889e-001	1.118641e-009	1.543254e-010
3.567821275155645e-006	1.245021e+000	8.068849e-001	5.727863e-001	4.910891e-001	1.291089e+000	5.833994e-001	1.772199e+000	9.000000e-001	1.800000e+000	1.572685e-001	1.617462e+000	1.774763e+000	1.247868e+000	5.834000e-001	1.772199e+000	3.325249e-001	8.873653e-001	1.183744e+000	6.300000e-001	6.323891e-001	-6.625046e-010	-6.890425e-011
3.665477525155645e-006	1.245021e+000	8.068858e-001	5.727825e-001	4.910891e-001	1.291089e+000	5.833997e-001	1.772200e+000	9.000000e-001	1.800000e+000	1.572680e-001	1.617462e+000	1.774764e+000	1.247872e+000	5.833993e-001	1.772199e+000	3.325284e-001	8.873652e-001	1.183744e+000	6.300000e-001	6.323888e-001	3.898465e-010	2.749403e-011
3.714305650155645e-006	1.245021e+000	8.068851e-001	5.727851e-001	4.910891e-001	1.291089e+000	5.834007e-001	1.772199e+000	9.000000e-001	1.800000e+000	1.572683e-001	1.617462e+000	1.774764e+000	1.247870e+000	5.834009e-001	1.772199e+000	3.325259e-001	8.873650e-001	1.183744e+000	6.300000e-001	6.323882e-001	-2.026103e-010	-2.206593e-010
3.720409165780645e-006	1.245021e+000	8.068851e-001	5.727854e-001	4.910891e-001	1.291089e+000	5.834006e-001	1.772199e+000	9.000000e-001	1.800000e+000	1.572683e-001	1.617462e+000	1.774764e+000	1.247869e+000	5.834008e-001	1.772199e+000	3.325256e-001	8.873651e-001	1.183744e+000	6.300000e-001	6.323883e-001	-2.969265e-010	-2.108827e-010
3.732616197030645e-006	1.245021e+000	8.068851e-001	5.727854e-001	4.910891e-001	1.291089e+000	5.834000e-001	1.772199e+000	9.000000e-001	1.800000e+000	1.572684e-001	1.617462e+000	1.774764e+000	1.247869e+000	5.834004e-001	1.772199e+000	3.325256e-001	8.873652e-001	1.183744e+000	6.300000e-001	6.323887e-001	-3.754841e-010	-1.294198e-010
3.757030259530645e-006	1.245021e+000	8.068852e-001	5.727849e-001	4.910891e-001	1.291089e+000	5.833991e-001	1.772199e+000	9.000000e-001	1.800000e+000	1.572683e-001	1.617462e+000	1.774764e+000	1.247870e+000	5.833994e-001	1.772199e+000	3.325262e-001	8.873653e-001	1.183744e+000	6.300000e-001	6.323894e-001	-3.270041e-010	3.351177e-011
3.775340806405645e-006	1.245021e+000	8.068855e-001	5.727841e-001	4.910891e-001	1.291089e+000	5.833988e-001	1.772199e+000	9.000000e-001	1.800000e+000	1.572682e-001	1.617462e+000	1.774764e+000	1.247870e+000	5.833990e-001	1.772199e+000	3.325270e-001	8.873653e-001	1.183744e+000	6.300000e-001	6.323895e-001	-1.273934e-010	9.279250e-011
3.799754868905645e-006	1.245021e+000	8.068856e-001	5.727835e-001	4.910891e-001	1.291089e+000	5.833991e-001	1.772199e+000	9.000000e-001	1.800000e+000	1.572681e-001	1.617462e+000	1.774764e+000	1.247871e+000	5.833991e-001	1.772199e+000	3.325275e-001	8.873653e-001	1.183744e+000	6.300000e-001	6.323893e-001	5.475468e-011	8.040132e-011
3.848582993905645e-006	1.245021e+000	8.068855e-001	5.727836e-001	4.910891e-001	1.291089e+000	5.833997e-001	1.772199e+000	9.000000e-001	1.800000e+000	1.572681e-001	1.617462e+000	1.774764e+000	1.247871e+000	5.833995e-001	1.772199e+000	3.325274e-001	8.873652e-001	1.183744e+000	6.300000e-001	6.323889e-001	9.120086e-011	-4.359981e-012
3.897411118905644e-006	1.245021e+000	8.068854e-001	5.727841e-001	4.910891e-001	1.291089e+000	5.833997e-001	1.772199e+000	9.000000e-001	1.800000e+000	1.572682e-001	1.617462e+000	1.774764e+000	1.247870e+000	5.833997e-001	1.772199e+000	3.325270e-001	8.873652e-001	1.183744e+000	6.300000e-001	6.323889e-001	-2.675295e-011	-3.043203e-011
3.946239243905644e-006	1.245021e+000	8.068854e-001	5.727841e-001	4.910891e-001	1.291089e+000	5.833994e-001	1.772199e+000	9.000000e-001	1.800000e+000	1.572682e-001	1.617462e+000	1.774764e+000	1.247870e+000	5.833994e-001	1.772199e+000	3.325270e-001	8.873652e-001	1.183744e+000	6.300000e-001	6.323891e-001	-7.738090e-011	1.985152e-011
3.952342759530644e-006	1.245021e+000	8.068854e-001	5.727840e-001	4.910891e-001	1.291089e+000	5.833993e-001	1.772199e+000	9.000000e-001	1.800000e+000	1.572682e-001	1.617462e+000	1.774764e+000	1.247870e+000	5.833994e-001	1.772199e+000	3.325270e-001	8.873652e-001	1.183744e+000	6.300000e-001	6.323891e-001	-6.342744e-011	2.770677e-011
3.953868638436894e-006	1.245021e+000	8.068854e-001	5.727840e-001	4.910891e-001	1.291089e+000	5.833993e-001	1.772199e+000	9.000000e-001	1.800000e+000	1.572682e-001	1.617462e+000	1.774764e+000	1.247870e+000	5.833994e-001	1.772199e+000	3.325270e-001	8.873652e-001	1.183744e+000	6.300000e-001	6.323891e-001	-5.715327e-011	2.916788e-011
3.956920396249394e-006	1.245021e+000	8.068855e-001	5.727839e-001	4.910891e-001	1.291089e+000	5.833993e-001	1.772199e+000	9.000000e-001	1.800000e+000	1.572682e-001	1.617462e+000	1.774764e+000	1.247871e+000	5.833994e-001	1.772199e+000	3.325271e-001	8.873652e-001	1.183744e+000	6.300000e-001	6.323891e-001	-4.466966e-011	3.144303e-011
3.963023911874394e-006	1.245021e+000	8.068855e-001	5.727838e-001	4.910891e-001	1.291089e+000	5.833993e-001	1.772199e+000	9.000000e-001	1.800000e+000	1.572682e-001	1.617462e+000	1.774764e+000	1.247871e+000	5.833994e-001	1.772199e+000	3.325272e-001	8.873652e-001	1.183744e+000	6.300000e-001	6.323891e-001	-2.113925e-011	3.366869e-011
3.975230943124394e-006	1.245021e+000	8.068855e-001	5.727837e-001	4.910891e-001	1.291089e+000	5.833994e-001	1.772199e+000	9.000000e-001	1.800000e+000	1.572682e-001	1.617462e+000	1.774764e+000	1.247871e+000	5.833994e-001	1.772199e+000	3.325273e-001	8.873652e-001	1.183744e+000	6.300000e-001	6.323891e-001	1.474269e-011	3.100973e-011
3.999645005624394e-006	1.245021e+000	8.068855e-001	5.727836e-001	4.910891e-001	1.291089e+000	5.833995e-001	1.772199e+000	9.000000e-001	1.800000e+000	1.572681e-001	1.617462e+000	1.774764e+000	1.247871e+000	5.833995e-001	1.772199e+000	3.325274e-001	8.873652e-001	1.183744e+000	6.300000e-001	6.323890e-001	5.683641e-011	1.409184e-011
4.017955552499395e-006	1.245021e+000	8.068855e-001	5.727837e-001	4.910891e-001	1.291089e+000	5.833996e-001	1.772199e+000	9.000000e-001	1.800000e+000	1.572682e-001	1.617462e+000	1.774764e+000	1.247871e+000	5.833995e-001	1.772199e+000	3.325273e-001	8.873652e-001	1.183744e+000	6.300000e-001	6.323889e-001	4.613065e-011	-1.551415e-012
4.042369614999394e-006	1.245021e+000	8.068855e-001	5.727839e-001	4.910891e-001	1.291089e+000	5.833997e-001	1.772199e+000	9.000000e-001	1.800000e+000	1.572682e-001	1.617462e+000	1.774764e+000	1.247871e+000	5.833997e-001	1.772199e+000	3.325271e-001	8.873652e-001	1.183744e+000	6.300000e-001	6.323889e-001	1.056150e-011	-1.448733e-011
4.048473130624395e-006	1.245021e+000	8.068855e-001	5.727839e-001	4.910891e-001	1.291089e+000	5.833997e-001	1.772199e+000	9.000000e-001	1.800000e+000	1.572682e-001	1.617462e+000	1.774764e+000	1.247871e+000	5.833997e-001	1.772199e+000	3.325271e-001	8.873652e-001	1.183744e+000	6.300000e-001	6.323889e-001	1.372105e-012	-1.538371e-011
4.060680161874395e-006	1.245021e+000	8.068854e-001	5.727839e-001	4.910891e-001	1.291089e+000	5.833996e-001	1.772199e+000	9.000000e-001	1.800000e+000	1.572682e-001	1.617462e+000	1.774764e+000	1.247871e+000	5.833997e-001	1.772199e+000	3.325271e-001	8.873652e-001	1.183744e+000	6.300000e-001	6.323889e-001	-1.203180e-011	-1.280591e-011
4.085094224374395e-006	1.245021e+000	8.068854e-001	5.727839e-001	4.910891e-001	1.291089e+000	5.833995e-001	1.772199e+000	9.000000e-001	1.800000e+000	1.572682e-001	1.617462e+000	1.774764e+000	1.247871e+000	5.833996e-001	1.772199e+000	3.325271e-001	8.873652e-001	1.183744e+000	6.300000e-001	6.323890e-001	-1.918566e-011	-5.300319e-012
4.133922349374395e-006	1.245021e+000	8.068855e-001	5.727838e-001	4.910891e-001	1.291089e+000	5.833995e-001	1.772199e+000	9.000000e-001	1.800000e+000	1.572682e-001	1.617462e+000	1.774764e+000	1.247871e+000	5.833995e-001	1.772199e+000	3.325272e-001	8.873652e-001	1.183744e+000	6.300000e-001	6.323890e-001	-3.954311e-012	3.592762e-012
4.182750474374394e-006	1.245021e+000	8.068855e-001	5.727838e-001	4.910891e-001	1.291089e+000	5.833995e-001	1.772199e+000	9.000000e-001	1.800000e+000	1.572682e-001	1.617462e+000	1.774764e+000	1.247871e+000	5.833995e-001	1.772199e+000	3.325272e-001	8.873652e-001	1.183744e+000	6.300000e-001	6.323890e-001	1.443949e-011	1.599249e-012
4.188853989999394e-006	1.245021e+000	8.068855e-001	5.727838e-001	4.910891e-001	1.291089e+000	5.833995e-001	1.772199e+000	9.000000e-001	1.800000e+000	1.572682e-001	1.617462e+000	1.774764e+000	1.247871e+000	5.833995e-001	1.772199e+000	3.325272e-001	8.873652e-001	1.183744e+000	6.300000e-001	6.323889e-001	1.457890e-011	3.789210e-013
4.190379868905644e-006	1.245021e+000	8.068855e-001	5.727838e-001	4.910891e-001	1.291089e+000	5.833995e-001	1.772199e+000	9.000000e-001	1.800000e+000	1.572682e-001	1.617462e+000	1.774764e+000	1.247871e+000	5.833995e-001	1.772199e+000	3.325272e-001	8.873652e-001	1.183744e+000	6.300000e-001	6.323889e-001	1.414476e-011	-1.001459e-015
4.193431626718144e-006	1.245021e+000	8.068855e-001	5.727838e-001	4.910891e-001	1.291089e+000	5.833995e-001	1.772199e+000	9.000000e-001	1.800000e+000	1.572682e-001	1.617462e+000	1.774764e+000	1.247871e+000	5.833995e-001	1.772199e+000	3.325272e-001	8.873652e-001	1.183744e+000	6.300000e-001	6.323889e-001	1.312927e-011	-7.053849e-013
4.199535142343144e-006	1.245021e+000	8.068855e-001	5.727838e-001	4.910891e-001	1.291089e+000	5.833996e-001	1.772199e+000	9.000000e-001	1.800000e+000	1.572682e-001	1.617462e+000	1.774764e+000	1.247871e+000	5.833995e-001	1.772199e+000	3.325272e-001	8.873652e-001	1.183744e+000	6.300000e-001	6.323889e-001	1.072030e-011	-1.864963e-012
4.211742173593144e-006	1.245021e+000	8.068855e-001	5.727838e-001	4.910891e-001	1.291089e+000	5.833996e-001	1.772199e+000	9.000000e-001	1.800000e+000	1.572682e-001	1.617462e+000	1.774764e+000	1.247871e+000	5.833996e-001	1.772199e+000	3.325272e-001	8.873652e-001	1.183744e+000	6.300000e-001	6.323889e-001	5.594841e-012	-3.139931e-012
4.236156236093144e-006	1.245021e+000	8.068855e-001	5.727839e-001	4.910891e-001	1.291089e+000	5.833996e-001	1.772199e+000	9.000000e-001	1.800000e+000	1.572682e-001	1.617462e+000	1.774764e+000	1.247871e+000	5.833996e-001	1.772199e+000	3.325271e-001	8.873652e-001	1.183744e+000	6.300000e-001	6.323889e-001	-1.348783e-012	-2.971804e-012
4.284984361093144e-006	1.245021e+000	8.068855e-001	5.727839e-001	4.910891e-001	1.291089e+000	5.833995e-001	1.772199e+000	9.000000e-001	1.800000e+000	1.572682e-001	1.617462e+000	1.774764e+000	1.247871e+000	5.833995e-001	1.772199e+000	3.325271e-001	8.873652e-001	1.183744e+000	6.300000e-001	6.323890e-001	-3.460321e-012	1.809650e-014
4.333812486093144e-006	1.245021e+000	8.068855e-001	5.727838e-001	4.910891e-001	1.291089e+000	5.833995e-001	1.772199e+000	9.000000e-001	1.800000e+000	1.572682e-001	1.617462e+000	1.774764e+000	1.247871e+000	5.833995e-001	1.772199e+000	3.325272e-001	8.873652e-001	1.183744e+000	6.300000e-001	6.323890e-001	7.368170e-013	1.134186e-012
1.839631248609317e-005	1.245021e+000	8.068855e-001	5.727839e-001	4.910891e-001	1.291089e+000	5.833995e-001	1.772199e+000	9.000000e-001	1.800000e+000	1.572682e-001	1.617462e+000	1.774764e+000	1.247871e+000	5.833995e-001	1.772199e+000	3.325272e-001	8.873652e-001	1.183744e+000	6.300000e-001	6.323890e-001	-2.775557e-019	-6.462349e-027
3.304474998609359e-005	1.245021e+000	8.068855e-001	5.727839e-001	4.910891e-001	1.291089e+000	5.833995e-001	1.772199e+000	9.000000e-001	1.800000e+000	1.572682e-001	1.617462e+000	1.774764e+000	1.247871e+000	5.833995e-001	1.772199e+000	3.325272e-001	8.873652e-001	1.183744e+000	6.300000e-001	6.323890e-001	1.110223e-019	-1.110223e-019
4.769318748609400e-005	1.245021e+000	8.068855e-001	5.727839e-001	4.910891e-001	1.291089e+000	5.833995e-001	1.772199e+000	9.000000e-001	1.800000e+000	1.572682e-001	1.617462e+000	1.774764e+000	1.247871e+000	5.833995e-001	1.772199e+000	3.325272e-001	8.873652e-001	1.183744e+000	6.300000e-001	6.323890e-001	1.942890e-019	2.775557e-019
4.993928123609407e-005	1.245021e+000	8.068855e-001	5.727839e-001	4.910891e-001	1.291089e+000	5.833995e-001	1.772199e+000	9.000000e-001	1.800000e+000	1.572682e-001	1.617462e+000	1.774764e+000	1.247871e+000	5.833995e-001	1.772199e+000	3.325272e-001	8.873652e-001	1.183744e+000	6.300000e-001	6.323890e-001	1.387779e-019	4.440892e-019
4.998810936109407e-005	1.245021e+000	8.068855e-001	5.727839e-001	4.910891e-001	1.291089e+000	5.833995e-001	1.772199e+000	9.000000e-001	1.800000e+000	1.572682e-001	1.617462e+000	1.774764e+000	1.247871e+000	5.833995e-001	1.772199e+000	3.325272e-001	8.873652e-001	1.183744e+000	6.300000e-001	6.323890e-001	1.436348e-019	2.872696e-019
5.000000000000000e-005	1.245021e+000	8.068855e-001	5.727839e-001	4.910891e-001	1.291089e+000	5.833995e-001	1.772199e+000	9.000000e-001	1.800000e+000	1.572682e-001	1.617462e+000	1.774764e+000	1.247871e+000	5.833995e-001	1.772199e+000	3.325272e-001	8.873652e-001	1.183744e+000	6.300000e-001	6.323890e-001	-2.220446e-019	-2.220446e-019
